0 0.507356 0.202479 0.075754 0.088548
0 0.185127 0.511806 0.087831 0.081464
0 0.830133 0.511806 0.080145 0.083825
0 0.715953 0.282172 0.036230 0.040142
0 0.648434 0.285124 0.037328 0.048406
0 0.649532 0.356553 0.037328 0.037780
0 0.715953 0.356553 0.036230 0.037780
0 0.644591 0.476387 0.040622 0.034238
0 0.715405 0.474026 0.043915 0.046045
0 0.715953 0.547226 0.034034 0.034238
0 0.649532 0.547816 0.041720 0.040142
0 0.474968 0.476387 0.037328 0.036600
0 0.539194 0.473436 0.034034 0.035419
0 0.472060 0.548142 0.038237 0.037455
0 0.538122 0.547124 0.037101 0.038676
0 0.362840 0.547124 0.034829 0.032162
0 0.297724 0.547124 0.037101 0.034605
0 0.299238 0.474453 0.031801 0.035012
0 0.364354 0.476285 0.031801 0.036233
0 0.295074 0.286773 0.034829 0.031755
0 0.363218 0.284941 0.034072 0.030534
0 0.296210 0.356593 0.038615 0.032976
0 0.364354 0.356390 0.030286 0.032569
0 0.475089 0.288198 0.031422 0.039490
0 0.539826 0.284534 0.035965 0.034605
0 0.475089 0.356797 0.033694 0.035826
0 0.538690 0.355983 0.034451 0.037455
0 0.506322 0.833937 0.079502 0.078981
0 0.298292 0.733787 0.038994 0.033384
0 0.296777 0.665595 0.042780 0.034605
0 0.366247 0.662948 0.037101 0.035012
0 0.364543 0.734397 0.035965 0.032976
0 0.474899 0.663763 0.037858 0.035012
0 0.473764 0.735212 0.040130 0.040305
0 0.540583 0.659895 0.037479 0.035419
0 0.539258 0.734194 0.039372 0.035826
0 0.648668 0.662745 0.032558 0.032162
0 0.647911 0.731547 0.040887 0.048447
0 0.716055 0.664373 0.031801 0.035419
0 0.715487 0.733583 0.043537 0.042747