0 0.100678 0.085596 0.156989 0.133412
0 0.300482 0.082645 0.159843 0.129870
0 0.697948 0.080874 0.166979 0.133412
0 0.302622 0.273908 0.152707 0.125148
0 0.098537 0.269185 0.155561 0.125148
0 0.702230 0.276269 0.166979 0.132231
0 0.684390 0.457497 0.179823 0.140496
0 0.696521 0.656434 0.138435 0.127509
0 0.897038 0.650531 0.165552 0.132231
0 0.693667 0.847107 0.144144 0.128689
0 0.897752 0.845927 0.175542 0.138135
0 0.106387 0.845336 0.148426 0.132231
0 0.301195 0.844156 0.152707 0.118064
0 0.297627 0.658796 0.162697 0.132231
0 0.103532 0.656434 0.165552 0.127509
0 0.106387 0.461629 0.159843 0.122786
0 0.304763 0.460449 0.162697 0.132231