0 0.143431 0.228453 0.055231 0.057851
0 0.319065 0.227273 0.064067 0.060213
0 0.419584 0.223731 0.053021 0.055490
0 0.593008 0.229044 0.053021 0.059032
0 0.694633 0.228453 0.055231 0.067296
0 0.869713 0.226682 0.062963 0.061393
0 0.870818 0.521251 0.051917 0.064935
0 0.694080 0.521842 0.054126 0.054309
0 0.595218 0.519481 0.059649 0.054309
0 0.420689 0.518890 0.053021 0.062574
0 0.319065 0.521251 0.055231 0.064935
0 0.143431 0.519481 0.057440 0.063754
0 0.146193 0.816411 0.058544 0.060213
0 0.319065 0.817001 0.053021 0.061393
0 0.422346 0.814640 0.056335 0.066116
0 0.594113 0.815821 0.050812 0.063754
0 0.692423 0.813459 0.057440 0.070838
0 0.868609 0.814640 0.049708 0.068477