0 0.533383 0.531287 0.108914 0.134593
0 0.532497 0.532468 0.038076 0.051948
0 0.414853 0.844259 0.012705 0.011806
0 0.448540 0.842719 0.011550 0.012833
0 0.482226 0.842462 0.013475 0.012320
0 0.515335 0.841435 0.013475 0.014373
0 0.516298 0.873261 0.013090 0.016426
0 0.483574 0.871978 0.011550 0.015913
0 0.447192 0.871978 0.015015 0.011806
0 0.414468 0.874031 0.012705 0.012833
0 0.413313 0.949746 0.009625 0.015400
0 0.414083 0.919973 0.014245 0.015400
0 0.448155 0.918947 0.015400 0.018480
0 0.448347 0.948976 0.011165 0.013860
0 0.481841 0.919460 0.013475 0.020533
0 0.483189 0.948976 0.011550 0.012833
0 0.513988 0.919973 0.012320 0.017453
0 0.513603 0.946923 0.011550 0.018993