0 0.094632 0.182069 0.115441 0.187513
0 0.294265 0.182069 0.111765 0.185109
0 0.495735 0.180867 0.114706 0.182705
0 0.695368 0.180867 0.113971 0.182705
0 0.895000 0.182670 0.110294 0.176695
0 0.894265 0.465743 0.113235 0.185109
0 0.695368 0.462738 0.113971 0.188715
0 0.494265 0.458531 0.119118 0.192321
0 0.295735 0.459733 0.120588 0.192321
0 0.093897 0.463339 0.111029 0.180301
0 0.094265 0.700134 0.119118 0.194725
0 0.095000 0.889451 0.060294 0.094959
0 0.294265 0.696528 0.058824 0.098565
0 0.295735 0.895461 0.057353 0.106979
0 0.494265 0.698331 0.055882 0.092555
0 0.494632 0.890653 0.059559 0.094959
0 0.694632 0.700134 0.058088 0.091353
0 0.693162 0.890653 0.059559 0.099767
0 0.895368 0.698932 0.059559 0.091353
0 0.895000 0.887647 0.061765 0.096161