0 0.105673 0.082054 0.155561 0.114522
0 0.300482 0.085006 0.171260 0.127509
0 0.697235 0.077332 0.154134 0.123967
0 0.108527 0.271547 0.144144 0.132231
0 0.298341 0.275679 0.152707 0.135773
0 0.682963 0.286895 0.182678 0.139315
0 0.706511 0.464581 0.161270 0.133412
0 0.687958 0.649351 0.158416 0.113341
0 0.899179 0.665880 0.161270 0.141677
0 0.899179 0.840024 0.149853 0.119244
0 0.693667 0.848878 0.127018 0.103896
0 0.302622 0.845336 0.146998 0.125148
0 0.103532 0.845336 0.154134 0.118064
0 0.301195 0.654664 0.149853 0.121606
0 0.302622 0.465171 0.149853 0.122786
0 0.102819 0.466352 0.152707 0.127509