0 0.134064 0.791617 0.268128 0.416765
0 0.344184 0.295750 0.054604 0.055490
0 0.350035 0.351240 0.052654 0.053129
0 0.446566 0.293388 0.046803 0.069658
0 0.447541 0.352420 0.050704 0.048406
0 0.544561 0.298111 0.049728 0.053129
0 0.543098 0.347698 0.046803 0.055490
0 0.639142 0.296340 0.049728 0.059032
0 0.639142 0.350649 0.043878 0.047226
0 0.736161 0.299292 0.050704 0.053129
0 0.736161 0.350649 0.050704 0.047226
0 0.445591 0.465171 0.048753 0.059032
0 0.447541 0.411452 0.050704 0.046045
0 0.540660 0.412633 0.051679 0.053129
0 0.545536 0.466352 0.049728 0.054309
0 0.640117 0.412043 0.047778 0.054309
0 0.639630 0.464581 0.052654 0.055490
0 0.734423 0.411698 0.046722 0.051653
0 0.737876 0.463843 0.048753 0.053621
0 0.736251 0.527056 0.048753 0.052145
0 0.736454 0.580431 0.054035 0.055588
0 0.640573 0.528040 0.051597 0.054113
0 0.639151 0.582645 0.049566 0.054113
0 0.544285 0.527302 0.045909 0.053621
0 0.544285 0.580431 0.048347 0.051653
0 0.639813 0.642182 0.047012 0.054815
0 0.640336 0.695522 0.048057 0.053550
0 0.735927 0.643237 0.044923 0.051020
0 0.736101 0.695733 0.047360 0.053972
0 0.736275 0.755608 0.047012 0.052285
0 0.736972 0.809791 0.045619 0.055237
0 0.848199 0.443236 0.047214 0.055304
0 0.847172 0.559436 0.043108 0.054061
0 0.847429 0.668489 0.043621 0.053439
0 0.849995 0.782203 0.042595 0.059653