0 0.150339 0.170602 0.067638 0.053129
0 0.363547 0.165289 0.058816 0.051948
0 0.337815 0.491145 0.063227 0.051948
0 0.120931 0.495277 0.064698 0.050767
0 0.128283 0.736128 0.067638 0.050767
0 0.338550 0.729044 0.064698 0.048406
0 0.234887 0.814640 0.063227 0.056671
0 0.132694 0.902007 0.064698 0.051948
0 0.344432 0.897285 0.064698 0.044864
0 0.747321 0.487603 0.058816 0.051948
0 0.614250 0.164109 0.063227 0.059032
0 0.621602 0.250885 0.063227 0.055490
0 0.866424 0.158205 0.067638 0.047226
0 0.868629 0.242031 0.063227 0.051948