0 0.1804140625 0.5980000000000001 0.15718749999999998 0.16683593749999998
0 0.3548828125 0.5966796875 0.1519609375 0.16392968749999995
0 0.536125 0.5966953125 0.16027343750000006 0.15902343749999998
0 0.7182734375 0.5968125 0.15217968749999997 0.1558515625
0 0.8939140625 0.593703125 0.16752343749999987 0.1608437500000001
0 0.89340625 0.776015625 0.15641406250000003 0.16088281249999997
0 0.712296875 0.7789921875 0.15665625 0.16389062499999998
0 0.5384765625 0.7749765625 0.16314843749999994 0.16921874999999992
0 0.3615390625 0.7815937500000001 0.16546874999999997 0.1586796875000001
0 0.1762578125 0.775625 0.1532109375 0.15749999999999992
0 0.181640625 0.939453125 0.16015625 0.12109375
0 0.35983593750000004 0.9389296874999999 0.15664843750000004 0.12213281249999994
0 0.53846875 0.936328125 0.15975 0.12734375
0 0.7169765625 0.9358046874999999 0.16520312500000003 0.12838281249999994
0 0.8978203125 0.936328125 0.15971093749999987 0.12734375