0 0.273671875 0.22302343750000003 0.04086718750000005 0.042054687500000035
0 0.317046875 0.22132812500000001 0.03817187500000001 0.03862499999999995
0 0.362546875 0.22107031250000003 0.03539062499999997 0.03901562500000004
0 0.40670312500000005 0.2204609375 0.03946874999999998 0.04036718749999997
0 0.45285937499999995 0.2209375 0.04232812500000005 0.041359374999999955
0 0.4526484375 0.2659296875 0.04060156250000002 0.03754687499999996
0 0.40649218749999994 0.2643203125 0.03651562500000001 0.03775000000000004
0 0.36228906250000004 0.26484375 0.03633593749999999 0.039718750000000025
0 0.3183046875 0.2650546875 0.04007031249999997 0.03714062499999997
0 0.27328125000000003 0.265890625 0.03893750000000003 0.038328125000000046
0 0.2739296875 0.31017968749999997 0.03965624999999999 0.03660156250000002
0 0.3186953125 0.31060937499999997 0.03626562499999997 0.03721874999999999
0 0.36310937499999996 0.309875 0.039125000000000035 0.03860156249999998
0 0.4081796875 0.30921875 0.03721093750000004 0.040000000000000036
0 0.45290625 0.30896875 0.038070312500000016 0.03764843750000004
0 0.45168749999999996 0.3542578125 0.04078125000000003 0.03878124999999999
0 0.40809375000000003 0.3540390625 0.03764843750000004 0.0372109375
0 0.36315624999999996 0.3528671875 0.038078125000000004 0.03947656249999998
0 0.31935156249999996 0.354515625 0.04146093750000004 0.042335937500000045
0 0.2741953125 0.3537421875 0.03797656250000001 0.04121874999999999
0 0.2741875 0.39899218750000004 0.038437500000000034 0.03966406250000003
0 0.3177421875 0.3975078125 0.03956249999999999 0.04146093750000004
0 0.3608125 0.39846875000000004 0.03885937500000001 0.04209375
0 0.40796093750000006 0.40002343749999997 0.04111718750000004 0.04163281249999997
0 0.4539453125 0.39946875 0.040156250000000074 0.04148437500000002
0 0.8060703124999999 0.2191953125 0.03954687499999991 0.04325000000000001
0 0.8523125 0.21853125 0.03770312500000017 0.043546875000000006
0 0.8962734375 0.2177109375 0.03889843749999997 0.039640625000000006
0 0.94165625 0.21833593750000002 0.037249999999999873 0.04012500000000001
0 0.983671875 0.2181171875 0.032656250000000143 0.03983593750000001
0 0.9830390625 0.26228125 0.03392187500000006 0.03762499999999998
0 0.9433359375 0.2632265625 0.03852343749999996 0.03825781250000002
0 0.8961171875 0.26296875000000003 0.03927343749999999 0.040749999999999974
0 0.8532265625000001 0.2630078125 0.03958593750000006 0.04225000000000003
0 0.8073359375000001 0.265125 0.038945312499999926 0.03897656249999999
0 0.8076171875 0.307828125 0.039484374999999974 0.038203124999999984
0 0.8530703125000001 0.30659375 0.036687500000000026 0.03833593750000004
0 0.8969374999999999 0.307671875 0.03959374999999987 0.041054687499999964
0 0.9411484375000001 0.30627343749999997 0.038765624999999915 0.040234375
0 0.982421875 0.30703125 0.03515625 0.040625
0 0.9831953125 0.35233593750000003 0.03360156250000017 0.03985937499999999
0 0.9830390625 0.3950390625 0.03392187500000006 0.038539062499999985
0 0.9423203125 0.35157812499999996 0.04047656249999996 0.03834375000000003
0 0.9430859375 0.397796875 0.03946874999999998 0.044679687499999954
0 0.8977265624999999 0.39662500000000006 0.04047656249999996 0.04550781250000004
0 0.8974765625 0.3525 0.0400390625 0.039546875
0 0.852125 0.35236718749999996 0.03990624999999994 0.03928906249999997
0 0.8533203125 0.3959921875 0.042257812500000116 0.039171875000000037
0 0.808 0.395859375 0.04078124999999995 0.03705468749999996
0 0.8074921875 0.351609375 0.04175781249999995 0.040304687500000026
0 0.8090078125 0.8422812499999999 0.04342968750000002 0.04185937499999994
0 0.854703125 0.8418515624999999 0.041695312499999915 0.03927343749999999
0 0.9001875 0.84215625 0.04039843750000003 0.044187499999999956
0 0.9436796875000001 0.839265625 0.03556249999999998 0.038335937500000125
0 0.9854765625 0.8407734375 0.02904687499999987 0.03453124999999986
0 0.9841796875 0.8844921875 0.031640625 0.04092187500000009
0 0.9454921875 0.885828125 0.03530468750000004 0.03756249999999994
0 0.9002265625 0.8866093749999999 0.036171875000000145 0.0373906250000001
0 0.8557421875 0.8864765625000001 0.036867187500000044 0.039718750000000115
0 0.8105625 0.88746875 0.03963281250000002 0.03910937499999996
0 0.8119375 0.9304140625 0.038945312499999926 0.038773437500000084
0 0.8553906250000001 0.9311484374999999 0.03617968749999996 0.03248437499999994
0 0.8991484375000001 0.9297656249999999 0.038328124999999956 0.04007031249999997
0 0.9461796874999999 0.9299375 0.04013281249999991 0.040414062500000014
0 0.9854765625 0.9299375 0.02904687499999987 0.040414062500000014
0 0.9852578125000001 0.9749531250000001 0.02948437499999983 0.040765624999999875
0 0.9442812500000001 0.97478125 0.03634374999999999 0.04042187499999983
0 0.8998828124999999 0.9754687499999999 0.03892968749999994 0.038351562500000116
0 0.8562578125 0.9756875 0.03790624999999999 0.04137500000000003
0 0.812890625 0.978125 0.03828125 0.04375
0 0.2747734375 0.8465468749999999 0.040664062499999966 0.04176562500000003
0 0.32025000000000003 0.8439140625 0.035914062500000024 0.03506250000000009
0 0.3659453125 0.8449140625 0.03763281249999997 0.04021875000000001
0 0.411125 0.8434843750000001 0.03832031249999997 0.03764843750000004
0 0.45565625 0.8422812499999999 0.04029687499999994 0.03926562500000017
0 0.4576875 0.887078125 0.041007812500000004 0.040054687499999984
0 0.40970312499999995 0.8867265625 0.039531249999999976 0.039968749999999886
0 0.36496093749999997 0.8904453125 0.041078125000000035 0.04160937500000017
0 0.32206250000000003 0.8901406250000001 0.037812499999999985 0.04014062500000008
0 0.2755078125 0.8891875 0.0415 0.0393671874999999
0 0.2768828125 0.9335156250000001 0.04057812499999995 0.04239062500000017
0 0.32240625 0.9349375 0.03849999999999998 0.04092187500000009
0 0.36633593750000004 0.9319609375000001 0.03754687500000005 0.04004687500000017
0 0.41009375 0.9328671875 0.032804687500000006 0.04368750000000006
0 0.454015625 0.9326015625 0.04219531249999999 0.04478906249999994
0 0.45553125000000005 0.9769687499999999 0.043593749999999966 0.039695312499999955
0 0.41014062500000004 0.9779687499999999 0.04039843750000003 0.04248437500000009
0 0.36578125 0.977140625 0.042031249999999964 0.04279687500000016
0 0.321765625 0.9790078125000001 0.03952343750000002 0.04198437499999983
0 0.277015625 0.9796875 0.04107031250000004 0.04029687499999994