0 0.055859375 0.106640625 0.11171875 0.16171875
0 0.21779687499999997 0.1071796875 0.17170312499999998 0.1559609375
0 0.395515625 0.10210156249999999 0.16260937499999994 0.15830468749999999
0 0.575328125 0.10027343749999999 0.17017968749999995 0.1567421875
0 0.581578125 0.2786953125 0.16810156250000005 0.17406249999999998
0 0.3987734375 0.28585937499999997 0.158703125 0.1493203125
0 0.21662499999999998 0.283890625 0.1714453125 0.1593046875
0 0.0567734375 0.286359375 0.11353906250000001 0.16217187500000002
0 0.0567734375 0.4630703125 0.11353906250000001 0.16552343749999995
0 0.215578125 0.46685156250000004 0.16310937499999997 0.16057031249999998
0 0.39473437499999997 0.4622890625 0.1589609375 0.16187500000000005
0 0.5762343750000001 0.46385156250000004 0.16575781250000005 0.15875000000000003
0 0.577796875 0.6444765625 0.16263281250000006 0.15949218750000008
0 0.397078125 0.6438203125 0.15948437499999996 0.1581875
0 0.21675 0.64121875 0.1633671875 0.16339843750000008
0 0.059765625 0.6484375 0.11953125 0.15625