0 0.1617265625 0.32897656249999996 0.043796875 0.03981250000000003
0 0.207078125 0.3287109375 0.03696093750000003 0.036867187500000044
0 0.2512734375 0.328453125 0.036171874999999964 0.038429687499999955
0 0.29565625 0.327828125 0.04044531249999998 0.03751562499999998
0 0.340296875 0.3277734375 0.03793750000000005 0.03665624999999997
0 0.3405078125 0.3719375 0.03883593750000003 0.03861718749999996
0 0.2964140625 0.370703125 0.039921875000000016 0.03946874999999998
0 0.2521640625 0.372765625 0.03610937500000002 0.038203124999999984
0 0.2066875 0.37224218750000004 0.037359375000000014 0.035867187499999974
0 0.1615703125 0.37203906249999996 0.036835937499999985 0.03674218749999998
0 0.16246093749999999 0.41789062499999996 0.039000000000000014 0.03977343750000002
0 0.20647656250000002 0.41817187499999997 0.03732031249999999 0.03841406250000001
0 0.25187499999999996 0.41762499999999997 0.039976562499999965 0.03821093750000002
0 0.2966171875 0.4175703125 0.03767968750000002 0.038046875000000036
0 0.341421875 0.415984375 0.040695312500000025 0.03857812500000004
0 0.34134375 0.4602421875 0.03716406250000004 0.036867187500000044
0 0.29685937500000004 0.46065625 0.03956249999999999 0.03532812500000002
0 0.2522890625 0.46149218750000004 0.03428906249999999 0.03728125000000002
0 0.2080703125 0.4612265625 0.03928906249999999 0.03939843750000005
0 0.1630859375 0.46154687499999997 0.039023437499999994 0.038429687500000045
0 0.1622265625 0.5058281250000001 0.0369609375 0.03989062499999996
0 0.20626562499999998 0.505359375 0.038992187499999977 0.03887499999999999
0 0.2521640625 0.505234375 0.03689843750000001 0.040671874999999955
0 0.29659375 0.5058281250000001 0.036062499999999977 0.04315625000000001
0 0.3410546875 0.505359375 0.038921875000000036 0.03832031249999997
0 0.696203125 0.32534375 0.04001562500000002 0.03903906250000002
0 0.7409140625 0.32614062499999996 0.036046875000000075 0.039328125000000026
0 0.785171875 0.3248984375 0.04013281249999991 0.03685937499999996
0 0.8296953125 0.32396875 0.039617187500000026 0.038203124999999984
0 0.874015625 0.3251484375 0.037437500000000054 0.041953125000000036
0 0.8752656249999999 0.3696484375 0.038742187500000115 0.03744531249999996
0 0.8296015625000001 0.36890625 0.037968749999999926 0.03887499999999999
0 0.785015625 0.3698046875 0.03630468750000002 0.039687499999999966
0 0.7424453125 0.36890625 0.04020312500000003 0.03887499999999999
0 0.696140625 0.369390625 0.038148437499999945 0.03949218749999996
0 0.69575 0.41484375 0.04039843750000003 0.04276562500000001
0 0.7411640625 0.41496875 0.03911718749999995 0.04142187499999998
0 0.78584375 0.4135 0.03827343750000001 0.041359375000000045
0 0.8297265625 0.41282031249999995 0.039039062499999846 0.041234374999999976
0 0.8757109375000001 0.41458593749999995 0.04018750000000004 0.04224999999999999
0 0.8755546875 0.4585078125 0.038812499999999875 0.03733593749999997
0 0.8305234374999999 0.45799218750000004 0.039312500000000125 0.03789843749999999
0 0.7864218749999999 0.4593046875 0.03860937499999997 0.03829687499999999
0 0.741140625 0.459109375 0.03962500000000002 0.04013281249999991
0 0.6972890625 0.4592421875 0.038406250000000065 0.03944531250000001
0 0.696265625 0.50434375 0.03885937500000001 0.04137500000000003
0 0.74346875 0.5023828124999999 0.03860156250000006 0.0412109375
0 0.7867734375000002 0.503765625 0.03692968750000007 0.04150781250000009
0 0.8308125000000001 0.5017109375000001 0.037375000000000116 0.04191406250000007
0 0.8754609375 0.5032578125 0.03711718750000017 0.04048437499999995
0 0.6997421875 0.9491796875 0.03505468749999992 0.035226562500000114
0 0.74371875 0.9488046875 0.0375 0.03664062500000007
0 0.7878281250000001 0.9481953125 0.03757812500000002 0.03718749999999993
0 0.8321093749999999 0.94934375 0.03626562500000006 0.03947656250000016
0 0.8791171875 0.9489140624999999 0.039968749999999886 0.0381953124999999
0 0.876765625 0.9861796875 0.03525781250000008 0.027640625000000085
0 0.8339453125 0.9870546875 0.036859374999999875 0.0258906249999999
0 0.7887656250000001 0.9869453125 0.038148437500000035 0.026109375000000056
0 0.74503125 0.9869453125 0.03836718749999992 0.026109375000000056
0 0.7 0.9870546875 0.0408203125 0.0258906249999999
0 0.16509374999999998 0.9516171874999999 0.0372578125 0.03946874999999998
0 0.208640625 0.95159375 0.03379687499999999 0.03972656249999993
0 0.2537734375 0.9509609375 0.03708593750000002 0.040773437500000044
0 0.2990859375 0.9518828125000001 0.035843749999999994 0.039796875000000044
0 0.342625 0.9501015625000001 0.04049218750000003 0.03937500000000007
0 0.344140625 0.989453125 0.03515625 0.02109375
0 0.29921875 0.98828125 0.0375 0.0234375
0 0.25379687500000003 0.9899609375 0.03878124999999999 0.02007031250000004
0 0.2106484375 0.9902890624999999 0.040046874999999996 0.0194218750000001
0 0.16503125000000002 0.9887265624999999 0.04104687500000002 0.022546875000000098