0 0.6910703125000001 0.41725781250000005 0.15378124999999992 0.16575781250000002
0 0.51646875 0.4177734375 0.1628671875 0.1688828125
0 0.333015625 0.41360937499999995 0.17300781250000002 0.160546875
0 0.1538984375 0.4218125 0.15989062499999998 0.1587265625
0 0.15571875 0.598890625 0.15728906250000002 0.1558515625
0 0.3321015625 0.5985078125000001 0.16701562500000003 0.16549218749999994
0 0.5111328125 0.596421875 0.17094531249999995 0.1613203125
0 0.6908046875 0.5912109375 0.17200781250000005 0.15715625000000005
0 0.6970546875 0.77015625 0.157421875 0.16010156249999996
0 0.5116562499999999 0.77521875 0.14907031249999997 0.1625859375000001
0 0.33483593749999996 0.7745859375 0.15789843750000002 0.15749218750000002
0 0.152984375 0.7750859374999999 0.15182031250000003 0.15815624999999994
0 0.1549375 0.9428359374999999 0.1578125 0.11432031249999994
0 0.332890625 0.940234375 0.15607812499999998 0.11953125
0 0.5140625 0.93671875 0.15625 0.1265625
0 0.6944375 0.936328125 0.15401562500000007 0.12734375