0 0.14046875 0.031351562500000006 0.04039843749999998 0.04069531250000001
0 0.1864140625 0.0319453125 0.04153906249999999 0.04312500000000001
0 0.2299375 0.03197656250000001 0.04253124999999995 0.041945312500000005
0 0.27473437500000003 0.031921875 0.03928906249999997 0.040570312500000004
0 0.319953125 0.03359375 0.041054687499999964 0.04205468749999999
0 0.31865625 0.0785078125 0.04186718750000003 0.04112500000000001
0 0.27309375 0.0764140625 0.041703124999999994 0.0423359375
0 0.22915625 0.0769375 0.039351562500000006 0.0421640625
0 0.18519531250000001 0.0761015625 0.04070312500000002 0.042960937500000004
0 0.1401640625 0.075453125 0.0395 0.041796875
0 0.6731484375 0.0383359375 0.04149999999999991 0.041515625
0 0.7197265625 0.0382578125 0.039921874999999926 0.0437890625
0 0.762890625 0.039203125 0.040000000000000036 0.040984374999999997
0 0.8086171875 0.039828125000000006 0.03592187500000001 0.03967187500000001
0 0.8532500000000001 0.039015625 0.0401484374999999 0.0409453125
0 0.852546875 0.08639062499999998 0.04065624999999997 0.03847656249999999
0 0.8072421875 0.0856171875 0.03936718749999999 0.041257812500000005
0 0.76253125 0.085078125 0.0373046875 0.04270312500000001
0 0.7175078125 0.08390625 0.04108593749999993 0.0410625
0 0.6733984375000001 0.084046875 0.040234375 0.038632812500000016
0 0.133921875 0.5202265625 0.04090625000000001 0.03992968749999992
0 0.178109375 0.521109375 0.03867968749999999 0.04193750000000005
0 0.22398437499999999 0.5214296875 0.03918749999999997 0.04107031249999995
0 0.26642968749999996 0.5224375 0.04044531249999998 0.04053906250000008
0 0.3117890625 0.5225078125 0.0399375 0.041953125000000036
0 0.31115624999999997 0.5672734375 0.04242187499999996 0.03708593750000002
0 0.26667968750000004 0.5670468750000001 0.040140625 0.040023437500000016
0 0.222875 0.566421875 0.039687499999999966 0.03728125000000002
0 0.177734375 0.565625 0.038101562499999984 0.037171874999999945
0 0.131109375 0.5650546875 0.03758593750000001 0.036453125000000065
0 0.1321484375 0.6089375 0.039890625 0.03994531250000009
0 0.17684375000000002 0.609375 0.0371640625 0.03646875000000005
0 0.2200234375 0.6116640624999999 0.03949999999999996 0.0390625
0 0.265765625 0.6114375 0.03721874999999999 0.03805468750000003
0 0.3121640625 0.61121875 0.040695312500000025 0.039437500000000014
0 0.310875 0.656203125 0.04235937500000002 0.040718749999999915
0 0.26535156249999997 0.655375 0.04153124999999998 0.04076562500000005
0 0.220625 0.6556328125 0.039749999999999994 0.04084374999999998
0 0.175515625 0.6543984375 0.03873437499999999 0.04082812499999999
0 0.131203125 0.6540859375 0.036765625 0.04090624999999992
0 0.1310703125 0.6992890625 0.0390078125 0.043257812499999916
0 0.175265625 0.6980546875 0.03932031249999999 0.04094531250000007
0 0.21967187500000002 0.6988515625 0.03817187500000001 0.04110937499999991
0 0.2630390625 0.699671875 0.040640624999999986 0.039617187500000026
0 0.310328125 0.699640625 0.0408203125 0.042054687499999945
0 0.6664609375 0.52853125 0.042109375000000074 0.041648437499999955
0 0.711765625 0.5272890625 0.03880468750000006 0.040156250000000074
0 0.7568828125 0.5301796875 0.03892968749999994 0.03987499999999997
0 0.8010390624999999 0.5294765625 0.038414062500000054 0.04148437499999993
0 0.845328125 0.5305625 0.043234375000000116 0.04317187499999999
0 0.8453984374999999 0.5763515625 0.041664062499999946 0.04146874999999994
0 0.7987265625 0.5758671875 0.03918750000000006 0.04135156250000005
0 0.7556406250000001 0.5747656250000001 0.04032031249999992 0.03956250000000008
0 0.7107812499999999 0.573328125 0.04247656249999991 0.04135156250000005
0 0.6673515625 0.5721640625 0.03986718749999998 0.04071093749999992
0 0.6656953125 0.6168671875 0.04058593750000004 0.04065624999999997
0 0.7121171875 0.6171562500000001 0.03760156250000009 0.038101562499999984
0 0.7550390625000001 0.617 0.039054687500000004 0.03836718749999992
0 0.80053125 0.6181328125000001 0.03993749999999992 0.03803906250000004
0 0.8438359375 0.6205859375 0.039617187500000026 0.042367187500000014
0 0.842984375 0.665640625 0.03887500000000017 0.03857031249999991
0 0.7984453125 0.6641796875 0.03658593749999994 0.041773437500000024
0 0.755296875 0.661671875 0.04419531249999995 0.043960937499999984
0 0.7101484375 0.6626875 0.04001562500000002 0.04091406249999992
0 0.6649375 0.659796875 0.04215625000000003 0.041648437499999955
0 0.6646875 0.7052109375 0.03602343749999992 0.04219531249999999
0 0.7092265624999999 0.70621875 0.03880468750000006 0.03954687499999991
0 0.7547890625 0.706578125 0.03854687499999994 0.04302343749999995
0 0.7981874999999998 0.708 0.04158593749999993 0.04106249999999996
0 0.8426328125 0.70975 0.041015625 0.044289062500000045