0 0.59471875 0.075 0.15766406249999995 0.15
0 0.773046875 0.06953125 0.16015625 0.1390625
0 0.936328125 0.0729453125 0.12734375 0.145890625
0 0.9398828124999999 0.23858593749999998 0.1202265624999999 0.16675781250000002
0 0.776484375 0.24208593750000001 0.16629687499999993 0.167390625
0 0.5955078125 0.248484375 0.16471093749999993 0.16571875
0 0.602921875 0.423890625 0.15583593750000002 0.1649765625
0 0.7771250000000001 0.421015625 0.15529687500000006 0.15849999999999995
0 0.9350234374999999 0.42154687500000004 0.12994531249999994 0.155078125
0 0.9409296875000001 0.5995625 0.11814062499999985 0.15954687500000003
0 0.7777890625 0.604234375 0.15848437499999993 0.1644453125
0 0.6018828125 0.607375 0.15872656250000006 0.1647500000000001