0 0.07890625 0.6087890625 0.1578125 0.16314843749999994
0 0.25503125 0.6047578125 0.15452343749999997 0.16340625000000006
0 0.43483593750000005 0.6033203125 0.15167968750000002 0.15846093749999995
0 0.61803125 0.6024140625000001 0.16810156250000005 0.1628828125
0 0.6185546875 0.7827890625 0.1566484375 0.15359374999999992
0 0.43991406250000004 0.7808125 0.15975 0.15503125000000004
0 0.2576328125 0.7815937500000001 0.1597265625 0.1586796875000001
0 0.079296875 0.783984375 0.15859375 0.15859375
0 0.079296875 0.9421875 0.15859375 0.115625
0 0.259375 0.94140625 0.1578125 0.1171875
0 0.437109375 0.939453125 0.15078125 0.12109375
0 0.618359375 0.939453125 0.16171875 0.12109375