0 0.7814375 0.39496875 0.16994531250000006 0.16266406249999998
0 0.7816953125 0.21356250000000002 0.15171875000000004 0.1707734375
0 0.6104765624999999 0.3978359375 0.15924999999999995 0.15797656250000003
0 0.4219453125 0.3963984375 0.16964062500000004 0.15928124999999996
0 0.242921875 0.3941875 0.15738281249999997 0.15901562500000002
0 0.0743515625 0.397453125 0.1486953125 0.1615859375
0 0.073046875 0.2200703125 0.14609375 0.158796875
0 0.07473437499999999 0.058984375 0.14739062500000003 0.1179609375
0 0.2417578125 0.058328124999999995 0.16128906249999997 0.11665624999999999
0 0.42259375 0.0592421875 0.15636718750000003 0.118484375
0 0.60084375 0.058984375 0.16081249999999994 0.1179609375
0 0.7856015625 0.056640625 0.16369531249999997 0.1132734375
0 0.24279687499999997 0.2179921875 0.1675390625 0.16921093750000002
0 0.42689843749999995 0.21265625 0.16287500000000002 0.17311718750000002
0 0.6017578125 0.2258046875 0.16888281250000006 0.16400781250000002