0 0.079296875 0.07734375 0.15859375 0.1546875
0 0.2564609375 0.075 0.15946875 0.15
0 0.441796875 0.06953125 0.15234375 0.1390625
0 0.6151640625 0.071875 0.15612499999999993 0.1437421875
0 0.7991406249999999 0.07109375 0.1678671875000001 0.1421875
0 0.8031796874999999 0.244296875 0.16760156250000008 0.175984375
0 0.6261015624999999 0.24546874999999999 0.1675859375 0.17624218750000004
0 0.440828125 0.240265625 0.16574218750000003 0.17624218750000004
0 0.261671875 0.2475546875 0.15946875 0.1512421875
0 0.0828125 0.2448203125 0.165625 0.16452343750000004
0 0.079296875 0.430078125 0.15859375 0.16015625
0 0.2558125 0.4253125 0.15816406249999998 0.16292187499999997
0 0.4403046875 0.4253125 0.16678125000000002 0.16292187499999997
0 0.6241484374999999 0.4221796875 0.1636796875 0.16917187499999997
0 0.8043515625 0.42179687499999996 0.1678671874999999 0.16214062499999998