0 0.20240624999999998 0.4431640625 0.042257812500000026 0.04175781250000003
0 0.24901562500000002 0.44349999999999995 0.04274218750000003 0.040593750000000026
0 0.2934609375 0.44441406250000004 0.035843749999999994 0.038765624999999915
0 0.3385234375 0.444140625 0.039921875000000016 0.03882812500000003
0 0.382171875 0.44331250000000005 0.03998437499999996 0.03900781250000005
0 0.382296875 0.48852343749999994 0.040312500000000015 0.042624999999999955
0 0.3392265625 0.48767187500000003 0.04103906249999998 0.04189843750000009
0 0.29383593750000003 0.487515625 0.039078124999999984 0.041593750000000006
0 0.2495703125 0.48879687499999996 0.040359374999999975 0.04024999999999999
0 0.204390625 0.48880468749999995 0.037359375000000014 0.04029687499999994
0 0.20417187499999997 0.53359375 0.039695312500000024 0.03957812500000006
0 0.24895312500000003 0.5335625 0.03651562500000001 0.04042187500000001
0 0.2927890625 0.53359375 0.03816406250000002 0.03957812500000006
0 0.338734375 0.532125 0.03852343750000005 0.03901562500000004
0 0.3828125 0.5319453125 0.04064843749999998 0.0423828125
0 0.382296875 0.576671875 0.040312500000000015 0.04032031249999992
0 0.3379765625 0.5773125 0.04048437500000004 0.03955468750000009
0 0.29334375 0.5782890625 0.03761718749999998 0.04049999999999994
0 0.24929687500000003 0.5771015625 0.04029687500000003 0.040593750000000026
0 0.203046875 0.5777421875 0.0376015625 0.040625
0 0.2040234375 0.6230546875 0.040000000000000015 0.040328124999999916
0 0.2492890625 0.6214609375 0.037796874999999994 0.038507812499999974
0 0.293890625 0.6224375 0.03791406249999998 0.04399218749999996
0 0.33921875 0.621609375 0.03705468749999996 0.038820312500000044
0 0.383390625 0.622015625 0.039984375 0.04191406250000007
0 0.739515625 0.44117187500000005 0.040929687500000075 0.040328124999999916
0 0.782609375 0.4417890625 0.03734375000000005 0.03882812500000003
0 0.82825 0.44029687500000003 0.039453125 0.04208593749999991
0 0.8725703125000001 0.4410234375 0.03950781250000013 0.04246874999999992
0 0.9162734374999999 0.440640625 0.03891406249999996 0.041703125000000084
0 0.916953125 0.4853828125 0.03893750000000011 0.040156250000000074
0 0.8715781249999999 0.48514843750000003 0.0411015625000001 0.04010937499999993
0 0.82825 0.48606249999999995 0.03798437499999992 0.039750000000000084
0 0.7831640625 0.48514843750000003 0.04073437499999999 0.04010937499999993
0 0.738109375 0.48656249999999995 0.03932031249999994 0.040156250000000074
0 0.73878125 0.531296875 0.040054687499999984 0.04221874999999997
0 0.78471875 0.5313203125 0.03687499999999995 0.04279687499999998
0 0.8278359375000001 0.530796875 0.03980468749999986 0.04181249999999999
0 0.8731875 0.5300625 0.040156250000000074 0.04121874999999999
0 0.9175703125 0.529890625 0.0391484375000001 0.041750000000000044
0 0.918359375 0.5748359375 0.04081249999999983 0.04011718749999993
0 0.8731015624999999 0.575328125 0.04039843750000003 0.041617187499999986
0 0.8281328125 0.5751328124999999 0.03821875000000006 0.041874999999999926
0 0.7845156249999999 0.5746875 0.04156250000000004 0.039390625000000054
0 0.739078125 0.5758359375000001 0.04032031249999992 0.03859375000000007
0 0.738140625 0.6193984375 0.03992968749999992 0.03831249999999997
0 0.7838671875000001 0.61878125 0.03576562499999998 0.04213281250000005
0 0.8287734375 0.620078125 0.03933593749999993 0.042593749999999986
0 0.8739531250000001 0.6189296875 0.04050781249999993 0.04242968749999996
0 0.9182734375000001 0.618578125 0.04055468749999989 0.043703125000000044