0 0.3988984375 0.07109375 0.15143750000000003 0.1421875
0 0.5762265625 0.0743515625 0.1571406250000001 0.1486953125
0 0.7598125 0.06967187500000001 0.15451562500000007 0.1372109375
0 0.928515625 0.07109375 0.14296875 0.1421875
0 0.92578125 0.242578125 0.1484375 0.15390625
0 0.7588984375 0.24210156249999998 0.15009375000000008 0.1555625
0 0.5805234375 0.24653125 0.15271875000000001 0.14878906249999996
0 0.3988984375 0.2467890625 0.15143750000000003 0.15452343749999997
0 0.398765625 0.42689062499999997 0.15378125000000004 0.16315624999999997
0 0.5781796875 0.42298437499999997 0.14282031249999996 0.15013281250000002
0 0.7548671875 0.4205078125 0.14982812500000006 0.1529921875
0 0.9296875 0.425390625 0.140625 0.15546875
0 0.9311171874999999 0.605296875 0.13775781249999994 0.16058593749999997
0 0.7576015625 0.6019062500000001 0.15269531249999996 0.15902343749999998
0 0.581046875 0.6006015625 0.14334375000000002 0.15121093749999998
0 0.40123437500000003 0.6059453125 0.1509140625 0.1592812499999999
0 0.39759375 0.7843515625 0.15403906249999996 0.15671874999999993
0 0.5844296875 0.7868203125 0.14490625000000001 0.15385156250000004
0 0.757859375 0.7834375 0.14800781249999995 0.16271093749999999
0 0.9311171874999999 0.7809609375000001 0.13775781249999994 0.15515625000000002