0 0.161671875 0.1703515625 0.15094531250000004 0.1552890625
0 0.338875 0.168140625 0.14857812500000006 0.1534609375
0 0.5249296875 0.16800781250000002 0.15350000000000003 0.15580468749999998
0 0.6997890625000001 0.16175781250000001 0.15166406250000009 0.15371875
0 0.87946875 0.16175781250000001 0.14642968749999988 0.15371875
0 0.8793359374999999 0.342375 0.14877343749999988 0.15297656249999997
0 0.702265625 0.34407031250000003 0.14879687500000002 0.15375781250000004
0 0.5215468750000001 0.345890625 0.1519453125 0.15219531249999996
0 0.3410859375 0.34797656250000003 0.13998437499999997 0.15636718749999998
0 0.16218749999999998 0.341203125 0.151984375 0.15323437499999995
0 0.1653125 0.5272890625 0.1478203125 0.15822656249999997
0 0.34303906250000005 0.526375 0.14649218750000004 0.1537968750000001
0 0.522453125 0.5292421875 0.14595312499999996 0.15432031249999997
0 0.6990078125 0.5241640624999999 0.14489062500000002 0.15197656249999997
0 0.882984375 0.5261171874999999 0.15606249999999983 0.15848437499999993
0 0.16505468750000002 0.7050468750000001 0.15250781249999998 0.15696093750000006
0 0.34342968749999997 0.702828125 0.14988281250000002 0.16555468750000008
0 0.520890625 0.704265625 0.15324218750000007 0.16060937499999994
0 0.7027812499999999 0.704 0.14983593749999996 0.154875
0 0.8793359374999999 0.7003515625000001 0.1591874999999999 0.158
0 0.16492187499999997 0.8860546875 0.1444296875 0.15960156249999996
0 0.345125 0.8846171875 0.15066406249999997 0.16455468750000007
0 0.5257109375 0.8860546875 0.14985937499999996 0.15960156249999996
0 0.7053906249999999 0.8830546874999999 0.15504687500000003 0.16142968750000009
0 0.8835000000000001 0.8799296875 0.15710937499999994 0.1551718749999999