0 0.061328125 0.5892578125 0.12265625 0.176171875
0 0.219875 0.589 0.1571171875 0.16106250000000005
0 0.409578125 0.5910859375 0.15532031249999995 0.14647656250000002
0 0.5869140625 0.5934296875 0.16002343749999995 0.157421875
0 0.767375 0.5966796875 0.14807031250000008 0.1535078125
0 0.770484375 0.7743203125 0.14982812500000006 0.16010156250000004
0 0.5874375 0.7719609375 0.158984375 0.15191406250000003
0 0.41127343749999995 0.7743046875 0.15453906249999996 0.1524296874999999
0 0.230421875 0.7741875 0.14904687499999997 0.15203124999999992
0 0.0626328125 0.7762578125 0.1252578125 0.1563359374999999
0 0.061328125 0.93828125 0.12265625 0.1234375
0 0.23471875 0.9369765624999999 0.1430625 0.12603906249999994
0 0.41205468749999996 0.93828125 0.1581875 0.1234375
0 0.59146875 0.9369765624999999 0.15872656250000006 0.12603906249999994
0 0.769140625 0.9375 0.15234375 0.125