0 0.0166953125 0.236859375 0.033390625 0.04132812499999998
0 0.0171875 0.28125 0.034375 0.0390625
0 0.0159375 0.3236484375 0.031875 0.034085937499999996
0 0.016796875 0.3671875 0.03359375 0.046875
0 0.0175234375 0.41624999999999995 0.03503906250000001 0.04374218750000001
0 0.0575703125 0.413671875 0.04271875000000001 0.04192187500000002
0 0.056546874999999996 0.369453125 0.04167968749999999 0.040617187500000006
0 0.0575703125 0.32384375 0.040078125000000006 0.035476562499999975
0 0.057265625 0.27965625 0.03917187500000001 0.037398437500000006
0 0.0572734375 0.23414843749999997 0.04265624999999999 0.044601562500000025
0 0.102734375 0.2359375 0.04167187500000001 0.036843749999999974
0 0.1036328125 0.2785078125 0.04035156249999999 0.03883593750000003
0 0.105640625 0.3236484375 0.044843749999999995 0.042007812499999984
0 0.10359375 0.3686953125 0.04503124999999999 0.036406250000000015
0 0.10300000000000001 0.41209375000000004 0.044843749999999995 0.03939062500000001
0 0.4587734375 0.232703125 0.042343750000000034 0.04093749999999998
0 0.503515625 0.232140625 0.03679687499999993 0.041367187500000034
0 0.5481953125000001 0.23204687499999999 0.040359375000000065 0.039617187500000026
0 0.5911875 0.231015625 0.03725000000000005 0.042289062499999995
0 0.63728125 0.2300625 0.04430468750000003 0.04093749999999998
0 0.6386328125 0.2779140625 0.03811718749999997 0.032367187499999964
0 0.5910546875 0.27715625 0.04220312499999999 0.03810937499999998
0 0.547171875 0.2767890625 0.03625781250000006 0.037203125000000004
0 0.50134375 0.27761718750000003 0.04014843750000008 0.04035156249999998
0 0.4571953125 0.2774453125 0.03895312499999992 0.037992187499999996
0 0.4559375 0.3209765625 0.04063281249999999 0.038640625000000026
0 0.5025625 0.320015625 0.03818750000000008 0.036531249999999994
0 0.5452578124999999 0.321375 0.04042187500000001 0.039437500000000014
0 0.5898359375 0.3207421875 0.03520312499999996 0.03903906250000002
0 0.6361875 0.32048437500000004 0.048070312499999976 0.03963281250000002
0 0.6371796875 0.36589062499999997 0.038382812500000085 0.04070312500000002
0 0.5912890625 0.3666796875 0.041078124999999945 0.0369140625
0 0.548 0.365625 0.03526562500000008 0.037531249999999974
0 0.502625 0.3658203125 0.04060937500000002 0.03836718750000001
0 0.45670312500000004 0.3645078125 0.04165624999999995 0.03660937500000001
0 0.4569609375 0.408828125 0.03805468750000003 0.03879687500000002
0 0.50265625 0.4090546875 0.03903906250000002 0.039281249999999976
0 0.547859375 0.40988281249999997 0.041015625 0.040906249999999963
0 0.5934921875 0.40932031249999995 0.03790624999999999 0.03875781249999997
0 0.6396875 0.41245312500000003 0.04054687500000007 0.04209375000000004
0 0.985578125 0.22847656249999998 0.028835937499999888 0.04040625000000002
0 0.9857421875 0.2747109375 0.02850781249999983 0.04246093750000002
0 0.984375 0.319921875 0.03125 0.03984375
0 0.9850859375000001 0.36553125 0.029828124999999872 0.03931250000000004
0 0.9865703124999999 0.41034375 0.026859375000000085 0.04314843750000001