0 0.163671875 0.07734375 0.16015625 0.1546875
0 0.345703125 0.076953125 0.16328125 0.15390625
0 0.5265625 0.07734375 0.1515625 0.1546875
0 0.7056484375000001 0.07346875 0.16077343749999998 0.1469296875
0 0.883984375 0.06953125 0.16640625 0.1390625
0 0.8858515625000001 0.2358515625 0.16631250000000009 0.1743125
0 0.7053984375 0.2467734375 0.15743749999999998 0.158015625
0 0.5301484375000001 0.248484375 0.1589765625 0.16571875
0 0.34968750000000004 0.24885937500000002 0.17093749999999996 0.164265625
0 0.1692265625 0.24588281250000002 0.16206250000000003 0.1605078125
0 0.16999999999999998 0.4287109375 0.15718749999999998 0.151171875
0 0.348765625 0.42570312499999996 0.15795312499999997 0.15953906250000002
0 0.529875 0.42610937499999996 0.1581875 0.166796875
0 0.7043437499999999 0.4220546875 0.15504687500000003 0.16682812499999997
0 0.8845468750000001 0.42689062499999997 0.15918749999999982 0.15065625
0 0.8913203125000001 0.6086796875 0.16058593750000014 0.16214843749999996
0 0.7136015625 0.6078828125 0.16967968750000004 0.1675703125
0 0.53196875 0.6009921874999999 0.1605390625 0.15459375000000009
0 0.35541406249999996 0.6048828125 0.16989843749999997 0.15533593749999994
0 0.1769140625 0.6071171875 0.1649296875 0.15902343749999998
0 0.17585937499999998 0.7839609375000001 0.1663046875 0.1533281249999999
0 0.3535859375 0.786546875 0.14414843750000003 0.17482812500000006
0 0.530265625 0.7898203125000001 0.16157812499999996 0.1728671875
0 0.7079921875 0.789015625 0.14983593749999996 0.1672734375000001
0 0.8881875000000001 0.78734375 0.16856250000000017 0.15489843749999999