0 0.0367109375 0.0448125 0.041726562499999995 0.04471875000000001
0 0.082375 0.044046875 0.04060156250000001 0.043171875000000005
0 0.12793749999999998 0.041359375 0.041304687500000006 0.037804687499999996
0 0.124890625 0.0877421875 0.0419921875 0.04015624999999999
0 0.07963281250000001 0.0860546875 0.035992187499999995 0.03940625
0 0.035953124999999996 0.0860625 0.033960937499999996 0.04188281250000001
0 0.03503125 0.13467968749999998 0.043453125 0.040570312500000004
0 0.08364843749999999 0.13340625 0.03806250000000001 0.04224218749999999
0 0.1276328125 0.1322890625 0.038664062500000006 0.038843749999999976
0 0.1249921875 0.1775078125 0.0356953125 0.041898437499999996
0 0.08009374999999999 0.1783125 0.03690625000000001 0.045890625000000004
0 0.0377265625 0.175828125 0.037515625 0.043625000000000025
0 0.48121875000000003 0.040999999999999995 0.04054687500000007 0.04280468750000001
0 0.5260312500000001 0.040484375 0.04085937499999996 0.038640625
0 0.5703359375 0.039593750000000004 0.036554687499999974 0.039992187500000005
0 0.6146015625000001 0.039781250000000004 0.03920312500000005 0.038484374999999994
0 0.6601171875 0.03881250000000001 0.041234374999999976 0.038429687500000004
0 0.659375 0.08253906250000001 0.039101562499999964 0.03843749999999999
0 0.6142109375 0.08362499999999999 0.038078125000000004 0.040578124999999986
0 0.57115625 0.0837890625 0.04065624999999997 0.04406249999999999
0 0.526421875 0.0860859375 0.04111718750000008 0.04112499999999999
0 0.48090625 0.0864375 0.03689843750000001 0.03687500000000001
0 0.48059375 0.1307890625 0.04054687500000007 0.0381328125
0 0.52571875 0.12996875000000002 0.037109375 0.04080468750000001
0 0.571 0.12793749999999998 0.037101562500000004 0.039460937499999994
0 0.6149140625 0.127078125 0.036710937500000006 0.038773437499999994
0 0.6587109375 0.127390625 0.03529687500000005 0.03992968750000001
0 0.6599999999999999 0.17209375 0.040976562500000036 0.037984375
0 0.61425 0.17389062500000002 0.03878125000000008 0.041187499999999974
0 0.5723671875 0.174046875 0.037453125000000045 0.040328125000000006
0 0.527046875 0.1730703125 0.04299218749999998 0.038921874999999995
0 0.48200000000000004 0.1738515625 0.03783593750000005 0.040718750000000005
0 0.6620703125 0.6163515625 0.04129687499999992 0.04344531249999992
0 0.616734375 0.618515625 0.040124999999999925 0.04239843749999998
0 0.5722265625 0.6179765625 0.03794531249999995 0.04085937499999996
0 0.5288906250000001 0.6168046875 0.038773437500000084 0.04185937499999994
0 0.4846796875 0.6201875 0.04119531250000001 0.0390625
0 0.48284374999999996 0.6636562500000001 0.03863281250000004 0.040367187500000054
0 0.52796875 0.6650703124999999 0.03787500000000001 0.03863281250000004
0 0.571890625 0.6636171875 0.03887499999999999 0.03778124999999992
0 0.6193203125 0.6625234375 0.04020312500000003 0.03955468750000009
0 0.66278125 0.66278125 0.03944531250000001 0.04278906249999999
0 0.66328125 0.707625 0.039710937499999946 0.03728906250000001
0 0.6180703125 0.706703125 0.04078906250000003 0.039710937499999946
0 0.5731484375 0.7079609375 0.04045312499999998 0.04129687499999992
0 0.5291875 0.707328125 0.040695312499999935 0.04096093750000005
0 0.4836796875 0.7087109375 0.03985937499999999 0.041132812500000074
0 0.48284374999999996 0.7532265625 0.03863281250000004 0.03829687499999999
0 0.528640625 0.7518046875 0.03921093750000004 0.04303906249999993
0 0.5758125 0.754140625 0.04171093750000008 0.04180468749999999
0 0.620734375 0.7534296875 0.03468750000000007 0.038945312499999926
0 0.6634453125 0.75146875 0.03744531250000005 0.036460937500000054
0 0.6636171875 0.796734375 0.03903906250000002 0.03680468749999992
0 0.6201953125 0.7956484375 0.03778124999999992 0.042984375000000075
0 0.5736484374999999 0.79753125 0.039453125 0.042570312500000006
0 0.5278906250000001 0.7963125 0.04010937499999993 0.04253125000000004
0 0.4845546875 0.7985703125 0.03893749999999994 0.04382031249999994
0 0.1271953125 0.6204453125 0.035757812499999986 0.03798437499999992
0 0.08165625 0.6221953124999999 0.041874999999999996 0.03967968749999997
0 0.0369140625 0.622296875 0.0352109375 0.038304687499999976
0 0.0366484375 0.6660468749999999 0.03715625 0.04074218750000007
0 0.0813359375 0.665359375 0.035671875 0.03988281249999996
0 0.12840625 0.6654687499999999 0.042109374999999984 0.03852343749999996
0 0.1288828125 0.710484375 0.042515625000000015 0.035578124999999974
0 0.082765625 0.7096328125 0.03648437499999999 0.037968749999999926
0 0.0383359375 0.7100625 0.0397578125 0.03896093749999992
0 0.0380234375 0.7553359375 0.037789062500000005 0.035484375000000054
0 0.086140625 0.75253125 0.03789062499999999 0.036687500000000026
0 0.1280859375 0.7533828125 0.035140625000000016 0.03685156250000006
0 0.1283046875 0.7992421875 0.03628125 0.039820312499999934
0 0.08477343749999999 0.7999296874999999 0.03881249999999999 0.04017187499999997
0 0.039765625 0.7986093750000001 0.040078125 0.04278125000000008