0 0.022265625 0.1074453125 0.04453125 0.04605468749999999
0 0.0679296875 0.1109609375 0.046953125 0.046828125
0 0.0711875 0.0618671875 0.043046875 0.04509375
0 0.020664062500000004 0.05965625 0.0399140625 0.043273437500000005
0 0.022265625 0.0188984375 0.04453125 0.0372734375
0 0.069359375 0.017710937500000003 0.051898437500000005 0.035414062499999996
0 0.423765625 0.018359375 0.037117187499999996 0.03671875
0 0.463671875 0.01875 0.04609375 0.0375
0 0.511 0.015757812500000003 0.043617187499999946 0.031507812499999996
0 0.557484375 0.01771875 0.04700781250000006 0.035390624999999995
0 0.600390625 0.016796875 0.04140625 0.03359375
0 0.599796875 0.0599140625 0.04542968750000007 0.044757812499999994
0 0.558390625 0.05730468749999999 0.04074218750000007 0.0395546875
0 0.5128203124999999 0.0610859375 0.038148437499999945 0.045015625000000004
0 0.4688125 0.061343749999999996 0.038671875 0.03928906249999999
0 0.4235078125 0.0591328125 0.04180468749999999 0.041109375000000004
0 0.424546875 0.1052265625 0.043882812500000055 0.04787499999999999
0 0.4689453125 0.10106250000000001 0.04700000000000006 0.04578906250000001
0 0.50853125 0.1062734375 0.040750000000000064 0.04578906250000001
0 0.5560546875 0.1028828125 0.04206249999999993 0.04735156250000001
0 0.6030546875 0.1031484375 0.05482812500000005 0.04162500000000001
0 0.9558984374999999 0.017710937500000003 0.04148437499999993 0.035414062499999996
0 0.9592812500000001 0.057828124999999994 0.043039062500000114 0.0489296875
0 0.9594140624999999 0.1017109375 0.040695312500000115 0.04709374999999999
0 0.026171875 0.5520234375 0.05234375 0.047523437499999946
0 0.069625 0.5485078125 0.046171874999999994 0.03632031250000001
0 0.070015625 0.5953828125 0.046953125 0.04256250000000002
0 0.026000000000000002 0.5949921875 0.0410703125 0.039695312499999955
0 0.0232734375 0.6417421875 0.045125000000000005 0.04775781250000009
0 0.06975 0.6412265625 0.04851562499999999 0.038382812500000085
0 0.026265624999999997 0.6858906250000001 0.0469453125 0.05061718749999997
0 0.07053125 0.6869296874999999 0.04174218750000001 0.03811718749999997
0 0.028218749999999994 0.7288593750000001 0.0508515625 0.04279687499999998
0 0.068578125 0.7312109375 0.04825781250000001 0.043312500000000045
0 0.424421875 0.5498046875 0.04751562499999995 0.03892187499999995
0 0.4715546875 0.5490234375 0.05221093749999994 0.04569531250000001
0 0.514 0.5469453125 0.04544531250000006 0.03944531250000001
0 0.56021875 0.5505859375 0.04414843749999999 0.042570312500000006
0 0.606046875 0.5490234375 0.04623437500000005 0.04569531250000001
0 0.606703125 0.5933046875 0.04753906249999993 0.04047656249999996
0 0.5604765625 0.5922578125 0.044914062500000004 0.04256250000000002
0 0.515296875 0.5934296875 0.04569531250000001 0.04282031249999996
0 0.4708984375 0.5956484375 0.04283593749999994 0.041000000000000016
0 0.42624218750000004 0.5938203125 0.04466406250000006 0.039437500000000014
0 0.428328125 0.6400546874999999 0.044914062500000004 0.04854687500000008
0 0.47259375 0.6383593750000001 0.039710937499999946 0.04932812500000008
0 0.5177734375 0.6396640625 0.04049218749999994 0.04150781250000009
0 0.5583984375 0.6351015624999999 0.04258593749999999 0.04281249999999996
0 0.602796875 0.637578125 0.04180468749999999 0.045679687500000024
0 0.60475 0.6841953125 0.04363281249999993 0.04098437500000003
0 0.5628203125 0.6834140625 0.04439062499999995 0.04774999999999992
0 0.5162109375 0.6806796875 0.039710937499999946 0.04020312500000003
0 0.473890625 0.6832890625 0.041015625 0.04540624999999991
0 0.4271484375 0.6839375000000001 0.04284374999999994 0.04671093749999997
0 0.42728124999999995 0.7276875 0.046992187500000074 0.04253125000000004
0 0.4759765625 0.727953125 0.048562500000000064 0.047218750000000045
0 0.5150390625 0.725734375 0.043359375 0.049046874999999976
0 0.56021875 0.7275625 0.04414843749999999 0.05060937499999998
0 0.6065703124999999 0.730296875 0.05039843749999999 0.04774218749999992
0 0.9616250000000001 0.5466875 0.04772656250000011 0.048585937500000044
0 0.9617578124999999 0.5926484375000001 0.04538281250000011 0.04959375000000001
0 0.9616250000000001 0.6339296875 0.03731250000000017 0.04255468750000002
0 0.9600625 0.6787265625 0.044601562500000115 0.04671093749999997
0 0.9621484375 0.7239140625 0.03835937499999993 0.04748437499999998