0 0.0205625 0.01759375 0.041125 0.0351796875
0 0.064875 0.019078125 0.04044531250000001 0.0381484375
0 0.421484375 0.015625 0.03515625 0.03125
0 0.4646640625 0.0149140625 0.0365234375 0.029828125
0 0.509765625 0.016015625 0.03515625 0.03203125
0 0.553125 0.01484375 0.0359375 0.0296875
0 0.5976484375 0.0146171875 0.038640625000000026 0.029234375
0 0.0205625 0.45746875 0.041125 0.04471875000000001
0 0.06754687499999999 0.4577109375 0.03628125 0.040437499999999994
0 0.06909375 0.50346875 0.045078125 0.0392578125
0 0.020265625000000002 0.5048984375 0.040531250000000005 0.03735937499999995
0 0.022343750000000002 0.5513671875 0.044687500000000005 0.03846875000000001
0 0.06754687499999999 0.5492890625 0.0410390625 0.04382031249999994
0 0.0674921875 0.59421875 0.03996875 0.04428125000000005
0 0.02175 0.5941640625 0.0435 0.03761718750000007
0 0.022046875 0.6397421875 0.04409375 0.04117968750000003
0 0.0684375 0.63903125 0.0428203125 0.04260937499999997
0 0.4218828125 0.45568749999999997 0.041281249999999936 0.038773437500000084
0 0.46822656250000005 0.4558671875 0.03889843749999997 0.04032031249999992
0 0.5111328125 0.4571171875 0.04150781250000009 0.04162499999999998
0 0.557125 0.4546796875 0.04078906250000003 0.04269531250000007
0 0.6029375 0.45580468749999997 0.04328125000000007 0.041390625000000014
0 0.6031171875 0.5016875 0.04482031249999992 0.038070312500000016
0 0.555515625 0.5023984375 0.0458984375 0.03949999999999996
0 0.5117265625 0.5019218750000001 0.03556249999999998 0.0337890625
0 0.46846875 0.503828125 0.03937500000000007 0.03759374999999991
0 0.4221796875 0.5012734375 0.040687499999999946 0.04080468750000001
0 0.422 0.5449531249999999 0.03914062499999993 0.03903125000000003
0 0.46561718750000003 0.5451328125 0.03366406249999994 0.03771874999999998
0 0.5125625 0.5450078125 0.045960937499999945 0.04286718749999992
0 0.558078125 0.5448906250000001 0.04287500000000009 0.04548437500000002
0 0.6022890624999999 0.5461406249999999 0.040031250000000004 0.04417187499999997
0 0.60234375 0.590359375 0.041101562499999925 0.036554687499999974
0 0.55771875 0.58934375 0.0412109375 0.03739062499999992
0 0.5114921875 0.5907109375 0.04096875000000004 0.03821875000000006
0 0.4665078125 0.5892265625 0.03942187500000003 0.04000781250000003
0 0.42526562500000004 0.5900000000000001 0.042109375000000074 0.04117968750000003
0 0.423546875 0.632671875 0.03985156249999999 0.03857031249999991
0 0.466921875 0.6332734375 0.03865625000000002 0.03738281249999993
0 0.5132109375 0.632203125 0.03734374999999997 0.03762500000000006
0 0.556171875 0.633984375 0.03888281249999999 0.03881250000000005
0 0.6043046875 0.6355234375000001 0.04312500000000004 0.041304687499999916
0 0.9539453124999999 0.015226562499999995 0.03958593750000006 0.0304453125
0 0.9892109375 0.014046874999999997 0.021578124999999913 0.0280859375
0 0.9561093749999999 0.45446875000000003 0.05254687500000017 0.040437499999999994
0 0.9567578125 0.4974453125 0.0495234374999999 0.0443359375
0 0.9575078124999999 0.5446328125 0.03592187500000001 0.04153125000000006
0 0.9586953125000001 0.589125 0.04045312500000016 0.04413281250000001
0 0.9579453125 0.63415625 0.036781249999999946 0.045656250000000044