0 0.06328125 0.057421875 0.1265625 0.11484375
0 0.22170312499999997 0.0567734375 0.1586796875 0.11353906250000001
0 0.40658593749999994 0.05546875 0.15349218750000002 0.1109375
0 0.5822265625 0.05546875 0.158984375 0.1109375
0 0.22990624999999998 0.2140859375 0.15009375 0.15307031250000003
0 0.063671875 0.215234375 0.12734375 0.15234375
0 0.4090625 0.2140859375 0.15635937500000002 0.15307031250000003
0 0.587171875 0.2120078125 0.154296875 0.1572421875
0 0.40736718749999995 0.393796875 0.15714062500000003 0.15824218750000005
0 0.5918593750000001 0.39158593750000004 0.15534374999999995 0.14964843749999995
0 0.2289921875 0.3948359375 0.154515625 0.15615624999999994
0 0.0645859375 0.3932734375 0.1291640625 0.15928124999999996
0 0.061328125 0.577671875 0.12265625 0.155078125
0 0.231203125 0.5735 0.15269531249999996 0.15299218749999993
0 0.40632812500000004 0.5761093749999999 0.15922656249999995 0.158203125
0 0.5912109375 0.574546875 0.15403906250000005 0.15091406250000006
0 0.590171875 0.7512578125 0.15612499999999993 0.15425781250000004
0 0.41023437500000004 0.7455234374999999 0.15662500000000001 0.16571874999999991
0 0.23303124999999997 0.7536015625 0.1542578125 0.16519531250000002
0 0.06328125 0.7542500000000001 0.1265625 0.15608593749999997