0 0.06328125 0.1731953125 0.1265625 0.167140625
0 0.23029687499999998 0.17450000000000002 0.1571171875 0.15932812500000001
0 0.4064453125 0.173609375 0.1509140625 0.1487734375
0 0.586640625 0.173609375 0.1571406250000001 0.15919531250000002
0 0.594859375 0.3549921875 0.15716406250000006 0.15772656250000003
0 0.41309375 0.35199218749999994 0.15610156249999996 0.15174218749999996
0 0.23029687499999998 0.353296875 0.1571171875 0.15850781249999996
0 0.0645859375 0.3549921875 0.1291640625 0.14731249999999996
0 0.5906875 0.5327421875 0.155078125 0.1589921875
0 0.41075 0.53053125 0.15557812499999996 0.16082031249999992
0 0.23250781250000002 0.5343046874999999 0.15529687499999997 0.16628906249999992
0 0.0645859375 0.5313125000000001 0.1291640625 0.15404687500000006
0 0.061328125 0.712078125 0.12265625 0.15539843750000007
0 0.23640625 0.7115546875 0.15978906249999997 0.15435937499999994
0 0.4091796875 0.7119453124999999 0.15378124999999998 0.15774218750000008
0 0.5909375 0.713640625 0.15271093750000003 0.15852343750000006
0 0.5934140625000001 0.89178125 0.14985156249999995 0.16064843750000007
0 0.41490625000000003 0.8889140624999999 0.1548203125 0.16012500000000002
0 0.234453125 0.8932109374999999 0.15327343750000003 0.15569531249999996
0 0.065234375 0.8928203124999999 0.13046875 0.15231250000000002