0 0.31062500000000004 0.017710937500000003 0.042593749999999986 0.035414062499999996
0 0.35176562499999997 0.017710937500000003 0.041773437500000024 0.035414062499999996
0 0.397265625 0.01875 0.04140625 0.0375
0 0.44434375 0.017710937500000003 0.04153125000000006 0.035414062499999996
0 0.4873046875 0.019664062500000003 0.04413281250000001 0.039320312499999996
0 0.842625 0.017710937500000003 0.03889062500000016 0.035414062499999996
0 0.88515625 0.018359375 0.0453125 0.03671875
0 0.9301171874999999 0.018359375 0.046531249999999955 0.03671875
0 0.97578125 0.01875 0.0484375 0.0375
0 0.30789062500000003 0.4589140625 0.03973437500000001 0.044921875
0 0.357234375 0.4589140625 0.036867187500000044 0.044921875
0 0.3995546875 0.4580078125 0.03735937500000004 0.04049218749999994
0 0.44368749999999996 0.4583984375 0.04022656250000001 0.04387500000000007
0 0.4888671875 0.4589140625 0.041015625 0.044921875
0 0.3119296875 0.50475 0.04333593750000002 0.04049999999999994
0 0.3554140625 0.5052734375 0.044906250000000016 0.039453125
0 0.40059374999999997 0.50475 0.04568750000000001 0.04049999999999994
0 0.443953125 0.5022734375 0.044914062500000004 0.03763281250000006
0 0.4908203125 0.5031875 0.044921875 0.043624999999999935
0 0.4903046875 0.5453828125 0.045960937499999945 0.042570312500000006
0 0.4431640625 0.5515 0.04206249999999993 0.03814062499999995
0 0.3992890625 0.5505859375 0.04024218750000004 0.042570312500000006
0 0.35528125 0.5490234375 0.040773437500000044 0.03528125000000006
0 0.3116640625 0.547984375 0.044679687499999954 0.03736718749999994
0 0.31062500000000004 0.5944765624999999 0.04073437499999999 0.04074218750000007
0 0.3577578125 0.5948671875 0.04542187499999999 0.037351562499999956
0 0.40163281250000005 0.5957734375 0.04360937499999999 0.043343750000000014
0 0.44485937499999995 0.592 0.04048437499999995 0.03787500000000001
0 0.4904296875 0.5933046875 0.04830468749999994 0.04047656249999996
0 0.4923828125 0.6378359375 0.041796875 0.03994531250000009
0 0.4451171875 0.6361484374999999 0.03815624999999993 0.04073437500000008
0 0.40267187499999996 0.6369296875 0.04180468749999999 0.04437499999999996
0 0.3559296875 0.6386171875 0.03946874999999998 0.043593749999999966
0 0.31270312499999997 0.6390078124999999 0.036351562499999976 0.04021093750000002
0 0.8475703125 0.45670312500000004 0.043578125000000155 0.04309375000000006
0 0.8917109375000001 0.45657031249999996 0.042624999999999955 0.04543750000000006
0 0.9351953125 0.45787500000000003 0.044187499999999956 0.04283593749999994
0 0.9777734375 0.454359375 0.03976562500000007 0.043617187499999946
0 0.8449687499999999 0.5007109375 0.040796874999999844 0.04075781250000006
0 0.8923593750000001 0.4999296875 0.043921874999999846 0.047531249999999935
0 0.9358515625000001 0.5038359375 0.04549218750000002 0.044921875
0 0.980859375 0.49921875 0.03828125 0.0453125
0 0.8460078125000001 0.5466796875 0.04045312500000016 0.04517968749999994
0 0.8911875 0.548375 0.0436640624999999 0.04439843749999994
0 0.9351953125 0.548375 0.044187499999999956 0.04439843749999994
0 0.97790625 0.5453828125 0.042109375000000074 0.042570312500000006
0 0.9773828124999999 0.58965625 0.04314843750000001 0.04777343750000007
0 0.98125 0.635625 0.0375 0.041773437500000024
0 0.936109375 0.6344609375 0.04356250000000017 0.05224999999999991
0 0.9353281250000001 0.592 0.03679687499999993 0.03504687499999992
0 0.8911875 0.59121875 0.039664062499999986 0.03422656249999996
0 0.8930078124999999 0.635234375 0.038101562499999984 0.04515624999999997
0 0.8479609375000001 0.6374453124999999 0.03654687500000016 0.04333593750000002
0 0.847703125 0.5929140625 0.041234375000000156 0.03947656249999998