0 0.1584375 0.21653906250000002 0.040234375 0.04489843750000002
0 0.20215624999999998 0.2155390625 0.03725781250000002 0.04288281249999999
0 0.24679687499999997 0.2145546875 0.04140625 0.04357812499999998
0 0.29226562500000003 0.2148125 0.035992187500000036 0.03773437499999999
0 0.3368125 0.2154765625 0.041929687499999965 0.040140625
0 0.33592187500000004 0.260359375 0.03970312500000004 0.040156249999999984
0 0.289828125 0.2597578125 0.036195312500000035 0.04155468750000004
0 0.2466328125 0.26009375 0.04008593750000004 0.03962500000000002
0 0.2024921875 0.2600546875 0.03995312499999999 0.03898437499999998
0 0.1590703125 0.2611171875 0.04232031250000001 0.039695312499999955
0 0.1586328125 0.306296875 0.0419453125 0.03963281250000002
0 0.20278125 0.30398437500000003 0.03917187499999999 0.04022656250000001
0 0.24706250000000002 0.3043125 0.03929687499999997 0.043593749999999966
0 0.292828125 0.30460937499999996 0.036453124999999975 0.03831249999999997
0 0.3363125 0.30303125 0.040281249999999956 0.040359374999999975
0 0.33678125 0.3485390625 0.04194531249999996 0.0370078125
0 0.2917421875 0.34971874999999997 0.038968749999999996 0.039820312500000024
0 0.2474609375 0.348671875 0.039101562499999964 0.03990625000000003
0 0.20235937499999998 0.3485 0.03757812500000002 0.0416015625
0 0.156828125 0.3489296875 0.04153124999999998 0.040437499999999994
0 0.1562265625 0.39437500000000003 0.0404296875 0.04090625000000001
0 0.20324218749999998 0.3935078125 0.038773437499999994 0.04132812499999998
0 0.2477578125 0.3930234375 0.037382812500000015 0.0415
0 0.292 0.3922265625 0.038101562499999984 0.041921874999999977
0 0.3378671875 0.3927890625 0.04139843750000001 0.04196093750000003
0 0.6925625 0.2136484375 0.04116406250000004 0.042281250000000006
0 0.735765625 0.21196874999999998 0.03689843750000001 0.042750000000000024
0 0.7807734375000001 0.21302343750000002 0.041031250000000075 0.04402343750000002
0 0.825921875 0.21208593750000002 0.037664062500000026 0.04251562499999999
0 0.8704765625 0.2118828125 0.040304687500000116 0.04053906249999999
0 0.8698750000000001 0.2571328125 0.04255468749999984 0.04036718749999997
0 0.8247265625000001 0.2578203125 0.03918749999999989 0.041718749999999985
0 0.780078125 0.256171875 0.04020312500000003 0.03844531250000003
0 0.7356484375 0.257578125 0.04020312500000003 0.039796874999999954
0 0.6917890625 0.25760937500000003 0.03845312500000002 0.03892968750000003
0 0.69184375 0.30165625 0.03972656249999993 0.03875781250000001
0 0.7365781250000001 0.302109375 0.03911718749999995 0.03900781249999996
0 0.781609375 0.3018125 0.03791406250000007 0.038460937500000014
0 0.8267031250000001 0.30096875 0.03562499999999993 0.037687500000000006
0 0.869 0.3004921875 0.040359374999999885 0.03821874999999997
0 0.8697578125 0.34625 0.03799218750000009 0.04086718750000005
0 0.825984375 0.3470234375 0.04027343750000014 0.04044531249999998
0 0.7815859374999999 0.346609375 0.038406250000000065 0.03918749999999997
0 0.7378984375 0.34576562499999997 0.03989843749999995 0.04176562500000003
0 0.6921484375 0.34703125 0.04253906250000004 0.041234374999999976
0 0.6916328125 0.3921015625 0.041101562499999925 0.03949999999999996
0 0.738890625 0.3918828125 0.0359375 0.03839062500000003
0 0.780890625 0.3906015625 0.03887500000000008 0.040101562499999986
0 0.8257421875000001 0.39020312500000004 0.03610156250000003 0.03695312500000001
0 0.871796875 0.39153125 0.0405390624999999 0.040156249999999984
0 0.694546875 0.8356796875000001 0.03916406250000008 0.03727343750000003
0 0.7392890624999999 0.8358359375 0.037195312499999925 0.040796874999999844
0 0.7845625 0.8366562500000001 0.038742187500000025 0.04250000000000007
0 0.827796875 0.8360390625 0.037843750000000044 0.0412109375
0 0.872171875 0.836328125 0.0424921874999999 0.04184374999999996
0 0.8738125 0.880921875 0.04242968749999996 0.04283593749999994
0 0.8281640625 0.8801406249999999 0.040625 0.04120312499999983
0 0.7847265625000001 0.8813281249999999 0.03931250000000004 0.03874999999999993
0 0.7396171875 0.88046875 0.04053125000000009 0.04111718750000008
0 0.695203125 0.8809140624999999 0.03464843749999993 0.03882812499999986
0 0.693890625 0.9268124999999999 0.03785937500000003 0.04317187500000017
0 0.7399843749999999 0.9259999999999999 0.037765624999999935 0.04153906250000006
0 0.7841171874999999 0.9262812500000001 0.03703124999999998 0.038742187500000115
0 0.8281640625 0.9234296875 0.037757812499999946 0.038843749999999844
0 0.8737265624999999 0.9242812499999999 0.040695312500000115 0.03865625000000002
0 0.8735625 0.9694453125000001 0.038015624999999886 0.040234375
0 0.8292734375 0.968953125 0.03760156250000009 0.0392578125
0 0.7847734375 0.9706640625 0.036781249999999946 0.03734375000000014
0 0.7407578125 0.9704609375000001 0.04151562500000008 0.0381953124999999
0 0.6951562499999999 0.971078125 0.03793749999999996 0.04024218750000017
0 0.161109375 0.838703125 0.04500781250000001 0.04008593749999996
0 0.20568749999999997 0.8389843750000001 0.03650000000000002 0.04114843750000006
0 0.24994531250000002 0.8401640625000001 0.03878124999999999 0.041742187499999875
0 0.294546875 0.84003125 0.03732031249999999 0.03968750000000014
0 0.338453125 0.8380703125 0.040796875000000024 0.038820312500000044
0 0.340171875 0.883953125 0.038203124999999984 0.037375000000000116
0 0.294453125 0.884453125 0.04212499999999997 0.04024999999999999
0 0.2513671875 0.8836640625 0.03762499999999998 0.03489843750000006
0 0.20496093750000002 0.8824609375 0.03914062500000002 0.03980468749999986
0 0.15953124999999999 0.8836015625 0.04312499999999999 0.03857812500000009
0 0.15882812500000001 0.9277109375 0.042976562499999996 0.04118749999999984
0 0.20549218749999998 0.927859375 0.03992968750000001 0.04283593749999994
0 0.2504453125 0.9294218750000001 0.03725781249999995 0.043343750000000014
0 0.29546875 0.9270703125 0.03598437500000005 0.04125000000000014
0 0.34190624999999997 0.9278671875000001 0.041999999999999996 0.04086718749999996
0 0.3410859375 0.97409375 0.04207031250000002 0.03821875000000006
0 0.29540625 0.9728203125 0.0389609375 0.04042187499999983
0 0.25178124999999996 0.9733359374999999 0.039968749999999977 0.03922656250000003
0 0.206734375 0.9736484375 0.04065624999999999 0.03496875000000017
0 0.15978125 0.9755546875000001 0.0400859375 0.03986718750000016