0 0.059765625 0.273046875 0.11953125 0.16171875
0 0.20646874999999998 0.26721875 0.16571093750000002 0.16139062500000004
0 0.3862734375 0.26409375 0.16286718749999998 0.16764843750000002
0 0.5658203125 0.268390625 0.16575000000000006 0.16165624999999997
0 0.7428906249999999 0.2725546875 0.16577343749999995 0.16373437500000004
0 0.7439375 0.4453828125 0.16368749999999999 0.1636796875
0 0.5654296875 0.44796874999999997 0.15871875000000008 0.16448437499999996
0 0.3841875 0.44927343750000004 0.16703124999999996 0.16708593750000006
0 0.209328125 0.4505703125 0.1651875 0.15927343749999995
0 0.053515625 0.45396093750000005 0.10703125 0.16812500000000002
0 0.0515625 0.62871875 0.103125 0.15714843750000007
0 0.20725 0.6268906249999999 0.16935937499999998 0.15558593750000008
0 0.38510156249999994 0.6254609375 0.1730234375 0.15064062499999994
0 0.565296875 0.6281953125 0.15637500000000007 0.14777343750000008
0 0.7534375000000001 0.6270234375 0.17853125000000009 0.15792968750000008
0 0.7495312499999999 0.8058203125000001 0.16030468749999996 0.15710937499999994
0 0.570765625 0.8030859375 0.16107031250000006 0.15997656249999997
0 0.38953125 0.8050390625 0.1589609375 0.15346875000000004
0 0.212453125 0.8102421874999999 0.15894531249999996 0.16388281249999997
0 0.05546875 0.8088124999999999 0.1109375 0.15685156249999999
0 0.05546875 0.955078125 0.1109375 0.08984375
0 0.212890625 0.955078125 0.15703125 0.08984375
0 0.38978124999999997 0.9526015624999999 0.14883593749999996 0.09478906249999994
0 0.5707578125 0.951953125 0.15141406249999995 0.09609375
0 0.7509609375 0.95078125 0.15764062500000006 0.0984375