0 0.18928124999999998 0.23103125000000002 0.032218749999999984 0.03909374999999997
0 0.2322265625 0.2313984375 0.03530468750000004 0.041749999999999954
0 0.27771093750000003 0.23239843750000003 0.04221874999999997 0.03934375000000001
0 0.32232812499999997 0.23028906249999997 0.03504687500000001 0.03656249999999996
0 0.36546875 0.23128125000000002 0.03973437500000001 0.03958593749999997
0 0.3673203125 0.2752265625 0.04307812499999999 0.039718750000000025
0 0.32171875 0.2736796875 0.03788281250000001 0.04124999999999997
0 0.2780234375 0.2740546875 0.0375 0.041078125000000035
0 0.2328515625 0.27546875000000004 0.04009375000000004 0.03889843749999997
0 0.1884765625 0.274546875 0.03736718750000001 0.04207031250000002
0 0.18890625 0.32127343750000004 0.03889062499999998 0.03664062499999998
0 0.234703125 0.32046874999999997 0.035296874999999964 0.03789843749999999
0 0.27709375 0.319109375 0.038507812499999974 0.03602343750000001
0 0.322890625 0.3182421875 0.03492187500000003 0.037406249999999995
0 0.366703125 0.3199765625 0.03726562500000004 0.04022656250000001
0 0.3660234375 0.364046875 0.03949218749999996 0.03813281249999996
0 0.3217109375 0.36571875 0.03628124999999995 0.037765625000000025
0 0.2769140625 0.3645390625 0.04220312499999999 0.03999218750000004
0 0.2337109375 0.3649765625 0.035890625000000044 0.03628124999999995
0 0.18921875 0.36503125000000003 0.04082812499999999 0.038999999999999965
0 0.1886015625 0.41021875 0.039507812499999996 0.04271875000000001
0 0.234265625 0.40928906249999997 0.03814062500000004 0.04442968749999996
0 0.27814843749999996 0.409109375 0.03442968750000004 0.038023437500000014
0 0.322828125 0.408484375 0.03603125 0.03985937499999999
0 0.36825 0.4081796875 0.03911718750000004 0.03987499999999997
0 0.722234375 0.230109375 0.03599999999999994 0.03777343750000002
0 0.766734375 0.22986718750000001 0.03761718750000007 0.03985937499999999
0 0.8111171875000001 0.229734375 0.03901562500000004 0.04024999999999999
0 0.8553750000000001 0.2298359375 0.03852343749999996 0.03936718749999999
0 0.9011640625 0.22860156250000002 0.038406249999999885 0.04122656249999999
0 0.9018203124999999 0.2752109375 0.0401250000000001 0.04166406250000003
0 0.8554609375 0.2734765625 0.03844531250000003 0.04162499999999998
0 0.8114453125000001 0.2732421875 0.03585156249999999 0.04042187500000001
0 0.7670859375 0.275203125 0.037734374999999966 0.03817187500000001
0 0.7215390625 0.2736171875 0.03767187500000002 0.035781249999999966
0 0.7222578125 0.3188515625 0.03767968750000002 0.037249999999999964
0 0.7688046875000001 0.318359375 0.0369140625 0.03816406250000002
0 0.8117656249999999 0.3181484375 0.040304687500000026 0.04124218749999997
0 0.857234375 0.317390625 0.03523437499999993 0.040109375000000023
0 0.901140625 0.3170703125 0.036734374999999986 0.04124218749999997
0 0.9001484375000001 0.3629765625 0.035914062499999844 0.037046874999999965
0 0.8570781249999999 0.36310937499999996 0.03952343750000011 0.03875000000000002
0 0.81171875 0.362734375 0.03854687500000002 0.0392578125
0 0.7680859375 0.363625 0.040593750000000026 0.03934375000000001
0 0.7229140625 0.3631171875 0.04301562499999996 0.03892968750000003
0 0.724125 0.411203125 0.04085937499999996 0.04719531250000002
0 0.7698046875 0.40834374999999995 0.03621093749999993 0.04375781249999999
0 0.8124687500000001 0.40707812499999996 0.0384765625 0.041640624999999966
0 0.8555703125 0.4079140625 0.036070312500000055 0.03737499999999998
0 0.9013828125 0.40718750000000004 0.038843749999999844 0.039695312499999955
0 0.726859375 0.8542578125 0.03975781250000008 0.03888281249999999
0 0.77140625 0.852875 0.03501562499999995 0.03791406250000016
0 0.81509375 0.8526875 0.03716406250000004 0.037890625
0 0.8593359375 0.850359375 0.03612499999999983 0.0356328125000001
0 0.9037890624999999 0.8528984375 0.039820312499999844 0.0409062500000001
0 0.9060546875 0.8963359375 0.03872656250000013 0.04082812500000017
0 0.8605 0.8971640624999999 0.038156250000000114 0.039710937499999946
0 0.817375 0.8970390625 0.041773437499999934 0.04009375000000013
0 0.770546875 0.8966953125 0.04245312499999994 0.0415156249999999
0 0.72428125 0.8965703125 0.037710937499999986 0.04000781250000003
0 0.726671875 0.94153125 0.039796875000000044 0.03825000000000003
0 0.7714531250000001 0.9420390624999999 0.03596093749999998 0.03991406250000011
0 0.8153671875 0.9411640625000001 0.03901562500000004 0.039671875000000155
0 0.8598750000000001 0.9423671875 0.03849218749999998 0.038843749999999844
0 0.9055546874999999 0.9406718749999999 0.03732031249999999 0.03653125000000017
0 0.905296875 0.9832578125 0.0372187499999999 0.03347656249999993
0 0.860546875 0.983984375 0.03828125 0.03203125
0 0.8155234374999999 0.9832734375 0.04116406250000004 0.033453125000000125
0 0.7715156249999999 0.983484375 0.0375 0.03302343749999999
0 0.724609375 0.98359375 0.03828125 0.0328125
0 0.192921875 0.8554999999999999 0.041007812500000004 0.03621093749999993
0 0.2373359375 0.854484375 0.033421874999999976 0.035117187499999855
0 0.2814296875 0.8543828124999999 0.036820312499999994 0.0374140624999999
0 0.32539843749999997 0.8534765625 0.032210937500000016 0.0358515624999999
0 0.371640625 0.8553984375000001 0.03990625000000003 0.03986718750000016
0 0.37017968749999997 0.8998828124999999 0.042210937499999976 0.04146874999999994
0 0.32234375000000004 0.8981171874999999 0.038460937500000014 0.03696093749999996
0 0.280875 0.9004609374999999 0.037460937500000034 0.039617187500000026
0 0.235640625 0.8982890625 0.04098437500000003 0.03661718749999991
0 0.192515625 0.8995390625 0.041156250000000005 0.03733593749999997
0 0.190234375 0.9467343749999999 0.03777343750000002 0.04178125000000001
0 0.2370390625 0.9453515625 0.04057031249999996 0.04189843750000009
0 0.2804609375 0.9450546875000001 0.03703124999999998 0.04100781249999983
0 0.32696875 0.9449062500000001 0.04008593749999996 0.040648437500000155
0 0.3727578125 0.944109375 0.03870312499999997 0.04083593749999999
0 0.37089062500000003 0.984765625 0.03949999999999996 0.03046875
0 0.3265625 0.98515625 0.0421875 0.0296875
0 0.281640625 0.98515625 0.04140625 0.0296875
0 0.2373203125 0.9850859375000001 0.043656249999999994 0.029820312500000057
0 0.19300781250000001 0.9851953124999999 0.04145312500000002 0.02960937500000007