0 0.0548203125 0.08139062500000001 0.10963281250000001 0.1606484375
0 0.20437500000000003 0.08453125 0.1530234375 0.1581328125
0 0.38509375 0.0832109375 0.16028906249999997 0.153875
0 0.5698515625 0.08349218750000001 0.14699218750000007 0.16646875000000003
0 0.746921875 0.0802109375 0.16779687500000007 0.1604140625
0 0.7520078125 0.259421875 0.15275781249999998 0.16676562500000003
0 0.566734375 0.2631796875 0.161328125 0.16165624999999997
0 0.3886171875 0.26658593750000004 0.15297656250000005 0.16285937500000003
0 0.21453906250000002 0.2627890625 0.16519531250000002 0.15462499999999996
0 0.055859375 0.26171875 0.11171875 0.159375
0 0.057421875 0.43860937499999997 0.11484375 0.1605546875
0 0.212578125 0.44772656250000004 0.15119531249999998 0.16315624999999997
0 0.3892578125 0.44328124999999996 0.158203125 0.16343750000000004
0 0.570109375 0.4375703125 0.16313281249999995 0.15846875
0 0.7517421875 0.4378125 0.16441406249999996 0.15875000000000003