0 0.39915625 0.217625 0.15716406249999998 0.16910156249999997
0 0.574140625 0.2155390625 0.16339062500000007 0.1649296875
0 0.7568125 0.2129375 0.15634374999999992 0.15971874999999996
0 0.928515625 0.2135859375 0.14296875 0.158421875
0 0.9311171874999999 0.39485156250000003 0.13775781249999994 0.156375
0 0.760328125 0.3901640625 0.1555624999999999 0.16783593750000003
0 0.5793515625000001 0.3912109375 0.15297656249999997 0.15950000000000003
0 0.3955078125 0.3939453125 0.16028906250000002 0.16236718749999998
0 0.3966796875 0.57234375 0.16003124999999999 0.15979687499999998
0 0.5737578125 0.5714375 0.16000781249999996 0.16578906250000003
0 0.75825 0.57378125 0.16181249999999991 0.16526562499999997
0 0.9252578124999999 0.5719531250000001 0.14947656249999994 0.15641406250000003
0 0.408921875 0.751140625 0.15846875 0.16061718750000004
0 0.5820859375 0.7506171875 0.15584375 0.15957812500000007
0 0.757984375 0.7513984375 0.15607812500000007 0.15592968750000002
0 0.9296875 0.750390625 0.140625 0.16171875
0 0.9311171874999999 0.9265625 0.13775781249999994 0.146875
0 0.7633281249999999 0.9233046874999999 0.17457031249999994 0.15338281249999994
0 0.576171875 0.923828125 0.16015625 0.15234375
0 0.40279687500000005 0.9272109374999999 0.15403906250000002 0.14557031249999994