0 0.17303125 0.22562500000000002 0.04108593749999998 0.04271874999999996
0 0.219578125 0.226640625 0.03551562500000003 0.04217968750000001
0 0.263046875 0.22469531250000002 0.03844531250000003 0.03988281249999996
0 0.3067578125 0.224640625 0.036968750000000036 0.045210937500000006
0 0.3529140625 0.22235156250000002 0.042335937500000045 0.043007812499999964
0 0.35159375000000004 0.267484375 0.04020312500000003 0.038718749999999955
0 0.30553906249999996 0.2694375 0.04264062500000003 0.03559374999999996
0 0.26085156249999997 0.2704140625 0.03921093750000004 0.03670312500000002
0 0.2166484375 0.27090625 0.036765625000000024 0.03657031249999996
0 0.1730390625 0.2700234375 0.0409609375 0.037484375000000014
0 0.17478906249999998 0.3144765625 0.03678906249999998 0.04166406250000003
0 0.2177734375 0.31359375 0.036789062500000025 0.04021093750000002
0 0.26196875 0.3128125 0.03825000000000003 0.04029687500000003
0 0.30827343749999997 0.312125 0.033164062500000036 0.04118750000000002
0 0.35261718750000004 0.3130078125 0.043703125000000044 0.04068750000000003
0 0.352234375 0.3573671875 0.039125000000000035 0.03560937500000003
0 0.304171875 0.3559453125 0.03364843750000004 0.03658593750000003
0 0.2591875 0.3590234375 0.04057812500000004 0.04089062500000003
0 0.21640625 0.3594609375 0.03628125000000002 0.04127343750000003
0 0.172109375 0.358390625 0.035984375 0.040593750000000026
0 0.1726953125 0.4046484375 0.03942968750000002 0.03640624999999997
0 0.22060156250000001 0.403765625 0.03659375000000002 0.04155468750000004
0 0.2611875 0.4018671875 0.03433593750000004 0.03962500000000002
0 0.30778125 0.40308593750000005 0.041953125000000036 0.03718749999999997
0 0.352765625 0.4008828125 0.03716406250000004 0.036578124999999996
0 0.7043515625000001 0.22316406249999998 0.03889843749999997 0.043359375
0 0.74925 0.2238671875 0.03753906249999996 0.039921875000000016
0 0.7966171875 0.2235703125 0.04112500000000008 0.043007812499999964
0 0.8411328125 0.22168749999999998 0.03723437499999989 0.040749999999999974
0 0.88546875 0.22275 0.041234375000000156 0.04371093750000003
0 0.8862421875000001 0.269859375 0.0383906249999999 0.03796093750000003
0 0.8401953125 0.268890625 0.03991406250000011 0.041031249999999984
0 0.7955625 0.267125 0.04096874999999996 0.03778125000000001
0 0.7506328124999999 0.26677343750000004 0.03908593749999998 0.03821093749999997
0 0.70546875 0.2693046875 0.04001562500000002 0.04096093749999996
0 0.7033515625 0.3127421875 0.04278124999999999 0.040671875000000045
0 0.7526875000000001 0.3124765625 0.04383593749999992 0.040257812499999976
0 0.7968515625 0.3119140625 0.036890624999999934 0.041437499999999974
0 0.839015625 0.31059375 0.037710937499999986 0.0435546875
0 0.8844765625000001 0.310125 0.040406249999999845 0.03790624999999999
0 0.8862109374999999 0.357703125 0.04021875000000001 0.044859374999999965
0 0.8411640625000001 0.35822656249999996 0.04091406249999992 0.04230468749999998
0 0.7969140625 0.35705468749999997 0.041796875 0.0400390625
0 0.7518359375 0.3569375 0.03960937500000004 0.04018750000000004
0 0.706203125 0.35855468749999997 0.03913281249999993 0.03656249999999996
0 0.707140625 0.4017578125 0.03801562500000007 0.040046874999999996
0 0.75115625 0.4002265625 0.036070312500000055 0.03933593749999997
0 0.795 0.4006953125 0.03495312500000001 0.03735937499999999
0 0.840015625 0.401171875 0.043234375000000116 0.04121874999999999
0 0.8856484375000001 0.40169531249999996 0.03805468750000003 0.03888281249999999
0 0.7097187500000001 0.8464765625 0.04415624999999999 0.0467890624999999
0 0.7555390625 0.8465624999999999 0.036484375000000034 0.04291406249999987
0 0.7994375 0.8451562499999999 0.040687499999999946 0.04037499999999987
0 0.842359375 0.8466015625000001 0.03728906250000001 0.039492187500000143
0 0.88515625 0.843703125 0.038671875 0.04171875000000007
0 0.8880156250000001 0.8893125 0.03542968749999993 0.04007031249999997
0 0.8434921875000001 0.8905625 0.04089062500000011 0.04039062499999986
0 0.79925 0.8903203124999999 0.03635937499999997 0.03957031250000007
0 0.7539374999999999 0.8901249999999999 0.04024999999999999 0.03749218749999983
0 0.7085 0.8926093749999999 0.03936718750000008 0.03850000000000016
0 0.7074609374999999 0.9354531250000001 0.037117187499999996 0.039328125000000116
0 0.75428125 0.9338124999999999 0.036484375000000034 0.03937500000000007
0 0.7985546875 0.9344765625000001 0.03892968750000003 0.0392578125
0 0.842796875 0.9345625 0.0369140625 0.04037499999999987
0 0.8883906250000001 0.93346875 0.043257812499999916 0.042281249999999916
0 0.8889921875000001 0.9797343749999999 0.04039062499999986 0.03927343749999999
0 0.845 0.9769375 0.03787500000000001 0.03430468749999989
0 0.7988046875 0.9791328125 0.04100781249999992 0.03744531249999987
0 0.75453125 0.9803593749999999 0.038429687500000045 0.03927343749999999
0 0.7104453125 0.979890625 0.03924218750000001 0.04021875000000001
0 0.17481249999999998 0.8488984374999999 0.039132812500000023 0.04495312499999997
0 0.220484375 0.8501875 0.03777343750000002 0.04269531250000007
0 0.26639843750000003 0.8483437500000001 0.03689843750000001 0.05001562499999999
0 0.307125 0.846484375 0.03553906250000001 0.045164062499999956
0 0.351375 0.8470390625 0.044921875 0.038773437500000084
0 0.353046875 0.89259375 0.049382812500000026 0.0396484375
0 0.306140625 0.8943203125 0.03565624999999999 0.03600781250000011
0 0.2655390625 0.8953125 0.03651562500000001 0.035195312500000145
0 0.2201796875 0.8926562499999999 0.045656249999999975 0.040585937499999857
0 0.17265625 0.8948203124999999 0.04058593749999999 0.04409375000000004
0 0.1729609375 0.941609375 0.04284375000000003 0.03755468750000013
0 0.2183203125 0.938640625 0.03715625000000002 0.04255468749999984
0 0.264359375 0.9380234375000001 0.038999999999999965 0.04274218750000003
0 0.30984375000000003 0.938828125 0.03603125 0.040945312499999886
0 0.3558203125 0.9374062500000001 0.043937500000000004 0.039039062499999846
0 0.3533515625 0.9794375000000001 0.039125000000000035 0.035085937499999886
0 0.3097890625 0.9799921875000001 0.037015624999999996 0.03397656249999983
0 0.264453125 0.980859375 0.03984375 0.03828125
0 0.22024218750000002 0.9818125 0.03688281250000003 0.036374999999999956
0 0.1761171875 0.9814999999999999 0.038609375000000015 0.036992187499999926