0 0.213382 0.491117 0.114706 0.236281
0 0.353456 0.476017 0.106618 0.248717
0 0.499044 0.484899 0.096324 0.220292
0 0.642794 0.479570 0.102941 0.230951
0 0.785441 0.484011 0.111765 0.239834
0 0.921103 0.486676 0.097794 0.241611
0 0.778824 0.827773 0.079412 0.191867
0 0.501250 0.829550 0.080147 0.174102
0 0.353456 0.828662 0.074265 0.179432
0 0.211544 0.826885 0.077206 0.175878
0 0.208603 0.481346 0.077206 0.177655
0 0.357868 0.476017 0.075735 0.184761
0 0.498676 0.486676 0.070588 0.177655
0 0.642794 0.478681 0.075000 0.186538
0 0.779559 0.477793 0.076471 0.184761
0 0.922941 0.476905 0.075000 0.182985
0 0.778088 0.833991 0.102941 0.250493
0 0.499779 0.833103 0.102206 0.248717
0 0.356029 0.825997 0.094118 0.223845
0 0.214118 0.825997 0.094118 0.223845