0 0.40853124999999996 0.0802109375 0.14466406250000002 0.1604140625
0 0.5824765625 0.07971874999999999 0.15922656249999995 0.1594296875
0 0.7635859375 0.07890625 0.1594687500000001 0.1578125
0 0.9311171874999999 0.07763281250000001 0.13775781249999994 0.15526562500000002
0 0.9315546875 0.2513515625 0.13689062499999985 0.17665625000000001
0 0.764765625 0.2536796875 0.17410937499999993 0.16764843750000002
0 0.58665625 0.2591640625 0.16575781250000005 0.17145312500000004
0 0.408015625 0.256671875 0.16885937499999995 0.16946874999999997
0 0.40553125 0.43665624999999997 0.15690624999999997 0.17487499999999997
0 0.5889921874999999 0.44223437499999996 0.1649531250000001 0.17594531250000003
0 0.7652812499999999 0.432359375 0.16024999999999992 0.1688828125
0 0.93203125 0.42856249999999996 0.1359375 0.16943750000000005