0 0.18159375 0.021500000000000002 0.04235156250000001 0.040859374999999996
0 0.2289921875 0.022265625 0.050359375000000026 0.04453125
0 0.271875 0.020703125 0.0453125 0.04140625
0 0.316796875 0.02265625 0.04921875 0.0453125
0 0.36543749999999997 0.021617187500000003 0.04828906249999996 0.043226562499999996
0 0.716328125 0.0203125 0.04150781250000009 0.040625
0 0.757421875 0.020703125 0.05234375 0.04140625
0 0.8043437499999999 0.019664062500000003 0.04287500000000009 0.039320312499999996
0 0.8515625 0.020703125 0.05 0.04140625
0 0.8961406249999999 0.0203125 0.04939062499999984 0.040625
0 0.18458593750000002 0.464125 0.04053125000000002 0.044921875
0 0.22828125 0.465 0.04266406250000001 0.04461718749999992
0 0.2728671875 0.46441406250000006 0.03561718750000002 0.03874999999999993
0 0.317453125 0.46382812500000004 0.04592968749999997 0.03898437500000007
0 0.3620390625 0.46265625000000005 0.03559375000000005 0.03851562499999996
0 0.3620390625 0.5081249999999999 0.039351562500000006 0.04006249999999998
0 0.318625 0.507828125 0.039359374999999995 0.036890625000000024
0 0.274328125 0.5087109375 0.039718750000000025 0.041703125000000084
0 0.22915625 0.5084140625 0.042312499999999975 0.040414062500000014
0 0.183984375 0.5084140625 0.03927343749999999 0.04135156250000005
0 0.1842734375 0.55359375 0.0415 0.03878906250000007
0 0.2297421875 0.552125 0.04114062499999997 0.03984375
0 0.27315625 0.5530078125 0.03831249999999997 0.04371875000000003
0 0.31921093749999996 0.552125 0.03959374999999996 0.045476562500000026
0 0.3620390625 0.5524218750000001 0.046390625 0.0416015625
0 0.364390625 0.5975937499999999 0.03841406249999997 0.03669531250000002
0 0.3183359375 0.5981796875 0.04182031249999998 0.03927343749999999
0 0.2737421875 0.597296875 0.040898437500000016 0.03962500000000002
0 0.2309140625 0.5975937499999999 0.037382812500000015 0.03857031249999991
0 0.184859375 0.598765625 0.040328125000000006 0.04092187500000009
0 0.184859375 0.6421796875 0.041265625000000014 0.043289062500000065
0 0.22945312499999998 0.6421796875 0.03985156249999999 0.036710937500000006
0 0.274921875 0.642765625 0.039484374999999974 0.041640624999999966
0 0.319796875 0.6421796875 0.04029687500000003 0.041874999999999926
0 0.3635078125 0.64159375 0.04439062500000004 0.04446093750000006
0 0.718984375 0.4617265625 0.03998437500000005 0.04237500000000001
0 0.7627265624999999 0.462515625 0.04410937500000003 0.04714843749999993
0 0.80746875 0.46135937499999996 0.03857031249999991 0.04237500000000001
0 0.8526718750000001 0.46084375 0.039078124999999984 0.04506250000000005
0 0.8965781249999999 0.46007031249999997 0.04382031250000011 0.04743750000000002
0 0.8978671874999999 0.504234375 0.04247656249999991 0.04467187500000005
0 0.8524140625 0.5063046875 0.04083593749999999 0.0421875
0 0.8082421875 0.505265625 0.03991406250000003 0.039710937499999946
0 0.7620078125 0.5060390625 0.043546875000000006 0.03857031249999991
0 0.7170625 0.5060390625 0.04375781249999999 0.036507812500000014
0 0.7181015625 0.550984375 0.041281249999999936 0.03921093750000004
0 0.7643359375000001 0.550984375 0.03765625000000004 0.03507812500000007
0 0.8082421875 0.5496953125 0.045289062499999935 0.042210937499999976
0 0.8534453125000001 0.5502109374999999 0.039179687500000074 0.043656250000000084
0 0.8978671874999999 0.54840625 0.040414062500000014 0.04437499999999996
0 0.89709375 0.5961875 0.039898437500000127 0.04512499999999999
0 0.8534453125000001 0.5951562499999999 0.04083593749999999 0.04016406250000006
0 0.807984375 0.594375 0.04456249999999997 0.04501562499999991
0 0.7653671875 0.5961875 0.039304687499999956 0.04057812500000004
0 0.7168046875 0.5951562499999999 0.04386718750000007 0.04181249999999999
0 0.7191328125 0.6385468750000001 0.041281249999999936 0.04183593749999996
0 0.76459375 0.639578125 0.03755468749999995 0.039351562499999916
0 0.8097890624999999 0.6393203125 0.042601562500000065 0.04235156250000003
0 0.8529296875 0.6382890625 0.038148437499999945 0.040281249999999956
0 0.8989062499999999 0.6393203125 0.04082812500000017 0.040281249999999956