0 0.143431 0.228453 0.055231 0.057851
0 0.319065 0.227273 0.053021 0.060213
0 0.419584 0.223731 0.053021 0.055490
0 0.595218 0.226682 0.057440 0.054309
0 0.694633 0.226092 0.055231 0.062574
0 0.870266 0.226092 0.055231 0.060213
0 0.870818 0.521251 0.051917 0.055490
0 0.694080 0.521842 0.054126 0.054309
0 0.595218 0.519481 0.059649 0.054309
0 0.420137 0.520071 0.051917 0.060213
0 0.319065 0.523022 0.055231 0.061393
0 0.143431 0.520661 0.057440 0.059032
0 0.142879 0.814640 0.051917 0.056671
0 0.319065 0.815821 0.053021 0.059032
0 0.420689 0.814050 0.053021 0.055490
0 0.594113 0.816411 0.050812 0.057851
0 0.695185 0.813459 0.054126 0.059032
0 0.868609 0.814640 0.049708 0.056671