0 0.19239062499999998 0.3583046875 0.03773437499999999 0.03978906249999996
0 0.23717968749999999 0.3571171875 0.03665624999999997 0.03895312500000001
0 0.2807109375 0.3573359375 0.038078125000000004 0.040000000000000036
0 0.325609375 0.356515625 0.03507812499999998 0.039453125
0 0.3715390625 0.35640625 0.0419921875 0.04242968750000005
0 0.37214843750000004 0.40209374999999997 0.04029687500000003 0.042437499999999996
0 0.325828125 0.4020234375 0.043007812499999964 0.0419375
0 0.28125 0.4020625 0.040078124999999964 0.043078125000000037
0 0.23582031250000002 0.402734375 0.04171093749999999 0.040507812499999976
0 0.190109375 0.40259375000000003 0.0410625 0.03915624999999996
0 0.191 0.446859375 0.03994531250000002 0.04202343749999997
0 0.2373203125 0.44624218750000005 0.039796875000000044 0.044140625
0 0.2814296875 0.4465703125 0.03950781250000004 0.04430468750000003
0 0.32599999999999996 0.44671093749999996 0.03942968750000002 0.04107031249999995
0 0.3705390625 0.446640625 0.040000000000000036 0.04302343749999995
0 0.370359375 0.49103906249999996 0.03958593749999997 0.04116406250000004
0 0.325859375 0.49132031249999997 0.03793749999999996 0.04107031249999995
0 0.28207031250000003 0.49171875 0.03771874999999998 0.04037500000000005
0 0.2373203125 0.49132031249999997 0.040140625 0.04107031249999995
0 0.1918515625 0.49146875 0.03828125 0.03916406250000008
0 0.19178125 0.5359765624999999 0.0400859375 0.040390625000000034
0 0.23825 0.5351484375 0.037375000000000026 0.04192187500000007
0 0.28303124999999996 0.5352265625 0.03629687500000003 0.0453125
0 0.3265 0.5351874999999999 0.036148437499999984 0.04256250000000002
0 0.37171875 0.5355859374999999 0.03878124999999999 0.03889062499999998
0 0.726640625 0.35557812499999997 0.03896875000000009 0.04117187500000004
0 0.7702265625 0.3552890625 0.03701562500000009 0.04016406249999997
0 0.8156953124999999 0.35543749999999996 0.03464062500000002 0.03810937499999998
0 0.8601875 0.3559609375 0.035890625000000044 0.04263281250000004
0 0.905375 0.354 0.041312500000000085 0.04204687500000004
0 0.905859375 0.39846875 0.03986718750000016 0.04062499999999995
0 0.8599062500000001 0.39905468750000006 0.042648437500000115 0.03966406250000003
0 0.8153515625000001 0.399234375 0.03985937499999999 0.04076562500000001
0 0.7704375 0.399234375 0.03915624999999991 0.04001562500000002
0 0.7258125 0.3991328125 0.03789843749999999 0.03985937499999999
0 0.7275859375 0.4447109375 0.04154687500000005 0.04118750000000002
0 0.7717265624999999 0.44467187499999994 0.03792187499999997 0.03896093749999992
0 0.8182734375 0.44415625 0.03839843750000007 0.03728906250000001
0 0.8601875 0.44328124999999996 0.035890625000000044 0.03896093749999992
0 0.9056875 0.44457031249999995 0.04124218749999997 0.04369531250000005
0 0.90446875 0.48882812500000006 0.03986718750000016 0.038203125000000074
0 0.8601484375 0.4876015625 0.04146093750000013 0.037351562499999956
0 0.8149296874999999 0.48871875 0.03790624999999999 0.04008593749999996
0 0.770234375 0.4886796875 0.03817968749999991 0.03728125000000002
0 0.726328125 0.48924218750000004 0.038945312499999926 0.03903906250000002
0 0.7258046874999999 0.535203125 0.03729687500000001 0.039054687500000004
0 0.771375 0.53325 0.03861718750000005 0.03727343750000003
0 0.8166015625 0.5329765625 0.037843750000000044 0.04016406250000006
0 0.8613671875 0.5325546875 0.036867187500000044 0.04145312499999996
0 0.9053046874999999 0.5338125 0.04257031249999983 0.04183593749999996