0 0.1545625 0.2915546875 0.04058593749999999 0.03726562500000004
0 0.1994296875 0.29209375 0.03258593749999998 0.03336718750000003
0 0.24333593750000002 0.29117187499999997 0.039179687499999984 0.036507812500000014
0 0.289875 0.291390625 0.033906249999999985 0.03603125
0 0.3341953125 0.2907265625 0.038156250000000023 0.03688281250000003
0 0.3351484375 0.33521875 0.03989062499999996 0.033210937499999996
0 0.288671875 0.3340703125 0.03829687499999999 0.03507031249999999
0 0.24359375 0.334265625 0.038992187499999977 0.035117187500000036
0 0.1995546875 0.33578125000000003 0.038226562499999985 0.035453124999999995
0 0.155078125 0.3374375 0.039617187499999984 0.038921875000000036
0 0.15535937500000002 0.3824296875 0.041539062500000015 0.03880468750000001
0 0.20066406250000002 0.3803984375 0.03823437500000002 0.036328125
0 0.2436484375 0.379890625 0.041085937500000023 0.03626562499999997
0 0.2904765625 0.3802734375 0.03574999999999999 0.03658593750000003
0 0.3351484375 0.3791328125 0.04132812499999998 0.039820312500000024
0 0.33565625 0.4260625 0.03887499999999999 0.04040625000000002
0 0.2891796875 0.4256796875 0.03728125000000002 0.04412500000000001
0 0.244640625 0.42469531250000003 0.04007031249999997 0.03703906250000007
0 0.2003828125 0.42542187499999995 0.03276562500000002 0.037023437500000075
0 0.155453125 0.4266015625 0.03885156250000001 0.04085156249999997
0 0.15634375 0.46934375 0.0416015625 0.04320312499999997
0 0.20228125000000002 0.46936718749999995 0.03449218749999998 0.04367187500000007
0 0.2446640625 0.46909375000000003 0.03803906249999996 0.04269531250000007
0 0.290828125 0.46839062499999995 0.03707812500000003 0.04120312500000001
0 0.33489843750000003 0.46851562500000005 0.03828125 0.04028906249999995
0 0.6897109375 0.2898125 0.03803125000000005 0.03934375000000001
0 0.7324609375 0.28953125 0.03536718749999999 0.03958593749999997
0 0.7775546875 0.287640625 0.04089062499999994 0.039203124999999964
0 0.8234140625 0.2875703125 0.03535937500000017 0.03790624999999999
0 0.8686796875 0.28803125 0.03772656249999997 0.040671875000000045
0 0.8688203124999999 0.3325625 0.04035156250000007 0.03949218749999996
0 0.823203125 0.3333359375 0.039132812500000114 0.03963281250000002
0 0.778359375 0.33403125 0.04075781250000006 0.03733593749999997
0 0.7350859375 0.333546875 0.037046875000000055 0.03865625000000002
0 0.6896796875 0.33308593750000004 0.039695312499999955 0.03992968750000001
0 0.6895390625 0.37846875 0.038382812500000085 0.038945312500000016
0 0.7339296875 0.37594531249999996 0.03410937500000007 0.0388671875
0 0.7791953125 0.3773828125 0.039281249999999976 0.03887499999999999
0 0.8234140625 0.3773125 0.038156250000000114 0.03824218750000004
0 0.86965625 0.37703125000000004 0.04248437500000009 0.042367187500000014
0 0.869765625 0.4217109375 0.043359375 0.038671875
0 0.8233750000000001 0.4208671875 0.03677343750000013 0.03857812500000009
0 0.7795468750000001 0.42167187500000003 0.03697656249999994 0.039070312499999996
0 0.7348046874999999 0.4217109375 0.04040625000000002 0.038671875
0 0.6895078125 0.42258593749999995 0.039351562499999916 0.04144531249999996
0 0.6892578125 0.4676484375 0.040617187500000006 0.043085937500000074
0 0.735640625 0.467015625 0.03963281250000002 0.04074218750000007
0 0.77853125 0.466078125 0.040046874999999996 0.040640624999999986
0 0.8238671875 0.46540625 0.0383671875000001 0.03975781250000008
0 0.8692734375000001 0.46614843749999996 0.04381249999999994 0.04217968750000001