0 0.4186875 0.111078125 0.159765625 0.165890625
0 0.598625 0.10625781249999999 0.1602656249999999 0.16042187500000002
0 0.7805156249999999 0.10691406249999999 0.16310937500000006 0.15964062499999998
0 0.937890625 0.107296875 0.12004687499999989 0.16667187499999997
0 0.9356796875000001 0.275703125 0.1286406249999999 0.1675390625
0 0.7742578124999999 0.276484375 0.15269531249999996 0.16180468750000002
0 0.591328125 0.28834375 0.16026562500000008 0.15685937499999997
0 0.41568750000000004 0.2867734375 0.1595078125 0.16207031249999995
0 0.4061875 0.46309374999999997 0.1576796875 0.1615859375
0 0.599015625 0.46075 0.1594843749999999 0.162109375
0 0.77165625 0.4604921875 0.15998437500000007 0.15637500000000001
0 0.9376328125000001 0.46713281249999994 0.12473437499999988 0.166015625
0 0.938671875 0.64296875 0.12265625 0.165625
0 0.7729609375 0.6468359375 0.15321093749999992 0.1608437500000001
0 0.595625 0.64853125 0.15583593750000002 0.16578906250000003
0 0.4177734375 0.6493125 0.1532578125 0.16631249999999992
0 0.4171171875 0.8182109375 0.15455468749999998 0.16400781249999996
0 0.5957578125 0.826546875 0.15349218750000002 0.16400781249999996
0 0.780125 0.8255078125 0.1618046875000001 0.16192187500000008
0 0.938671875 0.825 0.12265625 0.165625