0 0.605390625 0.21853125 0.16339062500000007 0.16310937499999997
0 0.783765625 0.21618750000000003 0.15035156249999995 0.1532109375
0 0.9421875 0.21735937500000002 0.115625 0.1633671875
0 0.947265625 0.395703125 0.10546875 0.16171875
0 0.7907968750000001 0.40006250000000004 0.15920312500000006 0.15637500000000001
0 0.606046875 0.4009765625 0.16208593750000003 0.1608046875
0 0.6102109375 0.5821171875 0.15999999999999998 0.16110156250000002
0 0.7854609375 0.5756015624999999 0.15113281250000005 0.15328906250000002
0 0.9453125 0.576171875 0.109375 0.16015625
0 0.9453515625 0.7537499999999999 0.10632031250000011 0.15540625000000005
0 0.947265625 0.928515625 0.10546875 0.14140625
0 0.7887187499999999 0.7579140625 0.16545312500000006 0.15332812499999998
0 0.7944453125 0.9291640624999999 0.15607812499999998 0.14166406249999994
0 0.6059140625 0.7571328124999999 0.15401562500000007 0.15696874999999996
0 0.6129453125000001 0.928515625 0.15245312500000008 0.14296875