0 0.0665390625 0.09128906249999999 0.1330703125 0.16169531249999997
0 0.2177890625 0.08542968749999999 0.15119531249999998 0.17081249999999998
0 0.3912109375 0.08909375 0.16471874999999997 0.1594375
0 0.575578125 0.089984375 0.15844531249999996 0.1590859375
0 0.5858749999999999 0.2693203125 0.162109375 0.1657265625
0 0.39746875 0.27190625 0.14567968750000002 0.15201562500000004
0 0.22365624999999997 0.272703125 0.1625859375 0.15686718749999998
0 0.061328125 0.272953125 0.12265625 0.1603515625
0 0.0567734375 0.46075 0.11353906250000001 0.17878906249999998
0 0.2120546875 0.4516171875 0.19182031249999998 0.15718750000000004
0 0.40671093750000004 0.4427734375 0.1649765625 0.1688828125
0 0.5820859375 0.4508515625 0.16625781249999996 0.1589921875