0 0.4103515625 0.065234375 0.153515625 0.13046875
0 0.5955 0.0645859375 0.1540156249999999 0.1291640625
0 0.774265625 0.0626328125 0.1547734375000001 0.1252578125
0 0.93828125 0.06171875 0.121875 0.1234375
0 0.935546875 0.229296875 0.12890625 0.16796875
0 0.7732187500000001 0.224390625 0.15269531249999996 0.16180468750000002
0 0.5882031249999999 0.225828125 0.16026562500000008 0.15685937499999997
0 0.4094375 0.22842968749999998 0.1595078125 0.1620703125
0 0.41243749999999996 0.40787500000000004 0.1576796875 0.1615859375
0 0.5969296875000001 0.4107421875 0.15948437500000007 0.162109375
0 0.77165625 0.4052734375 0.15998437500000007 0.15637500000000001
0 0.9375 0.40859375 0.125 0.165625
0 0.9389296874999999 0.5870625 0.12213281249999994 0.16578906250000003
0 0.7760859375 0.5884921875 0.15321093749999992 0.1608437500000001
0 0.5977109375 0.5870625 0.15583593750000002 0.16578906250000003
0 0.416734375 0.5847187500000001 0.1532578125 0.16631250000000009
0 0.416078125 0.76715625 0.15455468749999998 0.16400781249999996
0 0.5926328125 0.76715625 0.15349218750000002 0.16400781249999996
0 0.773875 0.7661171875 0.1618046875000001 0.161921875
0 0.9389296874999999 0.7641640625 0.12213281249999994 0.165828125