0 0.41478125 0.076046875 0.14466406250000002 0.1479140625
0 0.59453125 0.0796875 0.159375 0.159375
0 0.770875 0.07890625 0.1594687499999999 0.1578125
0 0.9311171874999999 0.07763281250000001 0.13775781249999994 0.15526562500000002
0 0.9315546875 0.24405468749999998 0.13689062499999985 0.17665625000000001
0 0.7678906249999999 0.23805468749999997 0.17410937499999993 0.16764843750000002
0 0.59290625 0.23728125000000003 0.16575781250000005 0.17145312500000004
0 0.411140625 0.24 0.16885937499999995 0.16946874999999997
0 0.40969531249999996 0.4205078125 0.15690624999999997 0.155078125
0 0.5952421875 0.4234765625 0.1649531250000001 0.16760937499999998
0 0.77153125 0.419859375 0.16024999999999992 0.1688828125
0 0.93203125 0.41710156249999997 0.1359375 0.16943749999999996
0 0.41672656249999995 0.5983906250000001 0.160546875 0.16501562500000003
0 0.5960156249999999 0.5990234375 0.16026562500000008 0.15924218749999994
0 0.77634375 0.5994140625 0.1641484375000001 0.16627343749999995
0 0.939453125 0.59296875 0.12109375 0.1625
0 0.93984375 0.774609375 0.1203125 0.15546875
0 0.7793515625 0.7787499999999999 0.16057031249999998 0.1689609375
0 0.6034453125 0.77834375 0.17122656250000007 0.15738281249999994
0 0.418953125 0.7766640625 0.16261718750000004 0.16478906250000006