0 0.103532 0.082054 0.142717 0.123967
0 0.301195 0.081464 0.141290 0.120425
0 0.699376 0.082054 0.146998 0.119244
0 0.302622 0.273908 0.152707 0.125148
0 0.104246 0.269185 0.144144 0.125148
0 0.697235 0.274498 0.142717 0.119244
0 0.701516 0.462220 0.145571 0.119244
0 0.696521 0.652893 0.138435 0.120425
0 0.898466 0.655254 0.142717 0.122786
0 0.688672 0.846517 0.125591 0.106257
0 0.899179 0.844156 0.152707 0.118064
0 0.106387 0.845336 0.148426 0.132231
0 0.301195 0.844156 0.152707 0.118064
0 0.302622 0.653483 0.152707 0.121606
0 0.103532 0.656434 0.165552 0.127509
0 0.101392 0.461629 0.149853 0.122786
0 0.301195 0.462810 0.146998 0.120425