0 0.1776015625 0.127296875 0.04426562500000002 0.0423828125
0 0.22492968750000003 0.1261640625 0.04301562500000004 0.04337499999999998
0 0.2680546875 0.128515625 0.03844531250000003 0.0431171875
0 0.3130078125 0.128625 0.036968750000000036 0.042414062500000016
0 0.356640625 0.1285703125 0.041304687500000006 0.04210156249999999
0 0.3565625 0.1736171875 0.04065624999999997 0.04137499999999998
0 0.3129296875 0.17290624999999998 0.03596874999999997 0.04071093750000001
0 0.26825 0.173875 0.03957031249999998 0.04132031249999999
0 0.22385937500000003 0.1734453125 0.036968750000000036 0.041335937499999975
0 0.18003125 0.17477343750000002 0.042265625000000015 0.04312499999999999
0 0.17867187499999998 0.2191484375 0.04076562500000001 0.041046875
0 0.22357812500000002 0.2179609375 0.040304687500000026 0.041437499999999995
0 0.26937500000000003 0.21725781249999998 0.03939843749999996 0.0412109375
0 0.31225 0.21731250000000002 0.03714062499999997 0.04103906249999998
0 0.35627343749999996 0.216296875 0.03888281249999999 0.04042187500000001
0 0.35836718749999996 0.2613203125 0.04155468749999995 0.03795312500000003
0 0.31365625 0.26228125 0.041085937500000023 0.038742187500000025
0 0.26765625000000004 0.2605234375 0.04244531250000003 0.040359374999999975
0 0.22447656249999998 0.26289843749999997 0.03911718750000004 0.041109375000000004
0 0.1785078125 0.2621328125 0.03967187499999998 0.04221874999999997
0 0.1776875 0.307609375 0.040484374999999996 0.04422656250000001
0 0.22461718749999998 0.3056875 0.03732031249999999 0.04085156249999997
0 0.2677421875 0.306453125 0.03725781249999995 0.0424765625
0 0.31256249999999997 0.30636718749999997 0.036070312499999965 0.044015625000000023
0 0.358390625 0.3064296875 0.04142187499999998 0.042984374999999984
0 0.7116484375 0.12685156250000001 0.04279687499999998 0.04317187499999999
0 0.7579921875 0.1256328125 0.036757812499999966 0.0410625
0 0.8007734375 0.1256640625 0.04053125000000009 0.03967187500000002
0 0.8467499999999999 0.126734375 0.03657812500000013 0.04055468750000002
0 0.8917890625 0.1252421875 0.04260937499999997 0.04051562500000001
0 0.8915703125000001 0.169921875 0.04132812500000007 0.04413281250000001
0 0.845453125 0.170140625 0.039351562499999916 0.0411640625
0 0.801796875 0.17192968749999998 0.04092187500000009 0.0419375
0 0.7573125 0.1715 0.039054687500000004 0.040718750000000005
0 0.713375 0.17065625 0.042320312500000054 0.03770312499999999
0 0.7121015625 0.2161328125 0.04144531249999996 0.04064843749999998
0 0.7592578125 0.21465625 0.038734374999999946 0.03901562500000002
0 0.8023281250000001 0.2152265625 0.037429687499999975 0.04110156250000001
0 0.84678125 0.21442968750000002 0.038328124999999956 0.03946874999999998
0 0.8916796874999999 0.2143203125 0.037867187499999844 0.03929687499999999
0 0.89159375 0.2595703125 0.03957812499999989 0.044039062500000004
0 0.848078125 0.25959374999999996 0.041437499999999974 0.04221874999999997
0 0.80278125 0.2599921875 0.038382812500000085 0.04093749999999998
0 0.7576562499999999 0.26046874999999997 0.038382812500000085 0.04216406250000002
0 0.713765625 0.260109375 0.04040625000000002 0.03890624999999996
0 0.7138828125 0.3044765625 0.03878906250000007 0.03908593749999998
0 0.7578750000000001 0.3041953125 0.03878906250000007 0.04384375
0 0.802921875 0.3047578125 0.038046874999999945 0.043039062500000023
0 0.8479609375000001 0.3045 0.03731250000000017 0.04040625000000002
0 0.8909453125000001 0.3031796875 0.04204687500000013 0.03987499999999997
0 0.8960781250000001 0.9262421875 0.048101562500000125 0.04306249999999991
0 0.8496874999999999 0.924890625 0.0387812499999999 0.044500000000000026
0 0.8054609375 0.9272578125000001 0.04148437499999993 0.03651562499999983
0 0.7608125 0.9278281249999999 0.03657812499999995 0.039085937500000154
0 0.7159375 0.9285859375 0.04114062500000006 0.04007031249999997
0 0.71621875 0.8818984375 0.03952343749999994 0.0414921875000001
0 0.761828125 0.8828046875 0.03991406249999994 0.04381249999999994
0 0.8061328124999999 0.8821249999999999 0.03657812500000004 0.043296875000000054
0 0.8507265625 0.8813359374999999 0.039453125 0.04314062499999984
0 0.8957109375 0.8817265624999999 0.037476562499999845 0.040695312500000115
0 0.89540625 0.835578125 0.0404296875 0.038226562499999873
0 0.8500781249999999 0.8365390625 0.036867187500000044 0.043804687500000127
0 0.8046953125 0.8356328124999999 0.0390625 0.04149999999999991
0 0.7610703125 0.8388828125 0.03889062499999998 0.042281249999999916
0 0.7159375 0.8391640625000001 0.04114062500000006 0.04178125000000001
0 0.7164453125 0.7928124999999999 0.03771874999999998 0.03575000000000008
0 0.759765625 0.7936953124999999 0.03861718750000005 0.03651562500000001
0 0.8051484375 0.791796875 0.04081249999999992 0.0400390625
0 0.8499375 0.7925390625000001 0.0423828125 0.04153906250000006
0 0.89709375 0.794 0.0374140624999999 0.039023437500000036
0 0.8958828125 0.74759375 0.04003124999999983 0.03874999999999993
0 0.8495703125 0.7481953125 0.03675781250000014 0.04310937500000005
0 0.8050937499999999 0.747171875 0.04165625000000004 0.03790624999999999
0 0.760671875 0.74909375 0.03628906250000004 0.04039843750000003
0 0.715375 0.7481875 0.04000781250000003 0.040390625000000034
0 0.1828046875 0.7506796875 0.03667187500000002 0.04302343749999995
0 0.22614843750000002 0.751125 0.0390625 0.042679687500000084
0 0.27135937499999996 0.751484375 0.03895312500000001 0.04089062499999994
0 0.3160546875 0.751359375 0.03988281249999996 0.04054687500000007
0 0.362046875 0.7503203125 0.03821093749999997 0.04271093750000006
0 0.360953125 0.795671875 0.04201562499999998 0.04018750000000004
0 0.31446874999999996 0.7954062499999999 0.039773437499999974 0.04254687499999994
0 0.2700859375 0.7961406249999999 0.040078124999999964 0.04008593749999996
0 0.22697656249999998 0.7951484375 0.03864843750000002 0.03914843750000001
0 0.181921875 0.7964765625 0.041054687499999985 0.03885156250000001
0 0.1809609375 0.840734375 0.04078125000000001 0.0408203125
0 0.2272421875 0.8409375000000001 0.038124999999999964 0.042015625000000154
0 0.27239843750000003 0.8391484374999999 0.03895312500000001 0.04024999999999999
0 0.3160234375 0.8403124999999999 0.03827343750000001 0.045351562500000143
0 0.36131250000000004 0.839484375 0.040921874999999996 0.0424921874999999
0 0.3612890625 0.8850468749999999 0.039773437499999974 0.040468750000000143
0 0.315953125 0.8841328125000001 0.039406249999999955 0.03889062500000016
0 0.27047656249999996 0.8849921875 0.04085937499999996 0.039328125000000116
0 0.22661718749999998 0.8862656250000001 0.04012500000000001 0.0419062499999999
0 0.182421875 0.8842109375 0.04162499999999998 0.03671875
0 0.181484375 0.9306640625 0.039742187500000005 0.0420781250000001
0 0.22771093750000002 0.9301171874999999 0.040101562500000035 0.04477343749999996
0 0.27159374999999997 0.9308984375 0.036820312499999994 0.044210937500000116
0 0.315921875 0.92871875 0.040140625 0.04092187500000009
0 0.361109375 0.9293906249999999 0.03842187499999996 0.03994531250000009