0 0.507356 0.202479 0.075754 0.088548
0 0.191166 0.511806 0.075754 0.081464
0 0.826291 0.509445 0.072460 0.079103
0 0.715953 0.285124 0.036230 0.034238
0 0.650081 0.285714 0.034034 0.037780
0 0.649532 0.356553 0.037328 0.037780
0 0.715953 0.356553 0.036230 0.037780
0 0.649532 0.476978 0.030741 0.035419
0 0.715405 0.474026 0.043915 0.046045
0 0.715953 0.547226 0.034034 0.034238
0 0.649532 0.547816 0.041720 0.040142
0 0.474968 0.476387 0.037328 0.036600
0 0.539194 0.473436 0.034034 0.035419
0 0.474839 0.546879 0.032678 0.034931
0 0.539974 0.546065 0.033398 0.036559
0 0.365032 0.545923 0.030445 0.029760
0 0.300654 0.547083 0.031240 0.034523
0 0.299238 0.474453 0.031801 0.035012
0 0.364354 0.476285 0.031801 0.036233
0 0.296566 0.286773 0.031845 0.031755
0 0.365032 0.284941 0.030445 0.030534
0 0.298080 0.356593 0.034874 0.032976
0 0.364354 0.356390 0.030286 0.032569
0 0.476297 0.285348 0.029006 0.033791
0 0.539826 0.284534 0.035965 0.034605
0 0.475089 0.356797 0.033694 0.035826
0 0.538690 0.355983 0.034451 0.037455
0 0.507227 0.833469 0.077691 0.078044
0 0.299856 0.735334 0.031839 0.030289
0 0.299405 0.665350 0.037524 0.034116
0 0.366247 0.662948 0.037101 0.035012
0 0.364543 0.734397 0.035965 0.032976
0 0.477262 0.663152 0.033133 0.033791
0 0.476713 0.734153 0.034230 0.038188
0 0.540841 0.658755 0.037328 0.037699
0 0.539258 0.734194 0.039372 0.035826
0 0.648668 0.662745 0.032558 0.032162
0 0.650709 0.735028 0.035291 0.041485
0 0.716055 0.664373 0.031801 0.035419
0 0.718645 0.735802 0.037221 0.038310