0 0.5843125 0.41517187499999997 0.14440624999999993 0.16575781250000002
0 0.407109375 0.416734375 0.1628671875 0.1688828125
0 0.22365624999999997 0.4177734375 0.17300781250000002 0.160546875
0 0.0606796875 0.4197265625 0.12135156250000001 0.156640625
0 0.0645859375 0.6041015625 0.1291640625 0.16210156250000002
0 0.22274218750000002 0.5985078125000001 0.16701562499999997 0.16549218749999994
0 0.40697656249999997 0.6005859375 0.17094531249999995 0.1613203125
0 0.588734375 0.602671875 0.17200781250000005 0.15715625000000005
0 0.5908203125 0.7743203125 0.157421875 0.16010156250000004
0 0.40750000000000003 0.7809453125 0.14907031249999997 0.16779687499999998
0 0.223390625 0.7792734375 0.15789843750000002 0.16478906249999997
0 0.061328125 0.7797734375 0.12265625 0.15711718749999992
0 0.06328125 0.9428359374999999 0.1265625 0.11432031249999994
0 0.22560937499999997 0.940234375 0.15607812499999998 0.11953125
0 0.4061875 0.9369765624999999 0.1556015625 0.12603906249999994
0 0.585078125 0.936328125 0.15401562500000007 0.12734375