0 0.3397890625 0.0739609375 0.14466406249999997 0.1479140625
0 0.518421875 0.069296875 0.16443750000000001 0.13858593749999998
0 0.6953125 0.068359375 0.153125 0.13671875
0 0.87890625 0.06875 0.15625 0.1375
0 0.8779140625 0.23259375000000002 0.15251562499999985 0.166234375
0 0.7022734374999999 0.2318046875 0.17410937499999993 0.16764843750000002
0 0.515828125 0.226859375 0.16575781250000005 0.17145312500000004
0 0.3392734375 0.2389609375 0.16885937499999995 0.16946874999999997
0 0.334703125 0.4100859375 0.15690625000000002 0.155078125
0 0.5244140625 0.41410156249999996 0.1649531249999999 0.16760937499999998
0 0.700703125 0.40735937499999997 0.1602500000000001 0.1688828125
0 0.8815156249999999 0.411890625 0.1536406249999999 0.16943750000000005
0 0.3375703124999999 0.5900546875 0.16054687499999995 0.16501562500000003
0 0.519984375 0.5938125000000001 0.16026562500000008 0.15924218749999994
0 0.6940625 0.5889921874999999 0.1641484374999999 0.16627343749999995
0 0.882296875 0.5953984375 0.16041406249999995 0.16266406250000004
0 0.8766093749999999 0.7680703125 0.16970312499999993 0.154890625
0 0.7033203125 0.7672890625000001 0.16057031249999998 0.16896093750000007
0 0.519078125 0.771046875 0.15456249999999994 0.15529687500000006
0 0.342921875 0.7735390625 0.15011718749999997 0.156453125
0 0.1554296875 0.0671875 0.17403906249999998 0.134375
0 0.155421875 0.234421875 0.1592734375 0.158421875
0 0.15515624999999997 0.41100000000000003 0.1639609375 0.16783593749999998
0 0.16271875 0.5923984375 0.15945312499999997 0.1655390624999999
0 0.16075781250000004 0.7723671875 0.15692968750000003 0.174421875