0 0.4162109375 0.4095703125 0.173046875 0.16236718749999998
0 0.598359375 0.4111328125 0.1649531250000001 0.1654921875
0 0.77621875 0.40514062500000003 0.16128906249999994 0.169140625
0 0.9375 0.404296875 0.125 0.16328125
0 0.9389296874999999 0.5848515625 0.12213281249999994 0.1639687499999999
0 0.940234375 0.7668984375 0.11953125 0.15827343749999995
0 0.940234375 0.93046875 0.11953125 0.1390625
0 0.782421875 0.931640625 0.17109375 0.13671875
0 0.7792109375 0.766375 0.16988281250000004 0.1572343750000001
0 0.7796015625 0.5866718750000001 0.16285156250000005 0.16240625000000009
0 0.596671875 0.5873203124999999 0.15375781249999995 0.16110156250000002
0 0.597453125 0.7665078125 0.1501093749999999 0.16530468749999994
0 0.597578125 0.934375 0.15817968750000003 0.13125
0 0.4171875 0.931640625 0.165625 0.13671875
0 0.4232421875 0.769109375 0.1610703125 0.16010156249999996
0 0.4189453125 0.5892734374999999 0.1654921875 0.15719531250000002