0 0.03499218750000001 0.1073203125 0.04772656250000001 0.0396328125
0 0.031078125 0.1556328125 0.043414062499999996 0.03469531250000002
0 0.0338203125 0.1956015625 0.047468750000000004 0.03899999999999999
0 0.0300390625 0.244828125 0.052414062500000004 0.03950781250000004
0 0.03329687499999999 0.291578125 0.0485078125 0.047578124999999985
0 0.0347265625 0.7343359375 0.0430390625 0.04628125000000001
0 0.0361640625 0.77978125 0.04799218749999999 0.04252343750000005
0 0.0357734375 0.8223593749999999 0.040960937499999996 0.048507812500000025
0 0.0361640625 0.8680703125000001 0.04174218749999999 0.046148437500000125
0 0.038242187500000004 0.9124765625 0.0438203125 0.04535937499999996
0 0.388 0.10796874999999999 0.03994531250000004 0.041632812500000005
0 0.43253906249999996 0.1077890625 0.03765625000000004 0.03796093749999999
0 0.4788984375 0.10693749999999999 0.036867187500000044 0.04313281249999999
0 0.5219375 0.10792968750000001 0.03585937500000007 0.04053125
0 0.5667187499999999 0.1083984375 0.04049218749999994 0.04249218749999999
0 0.5672578125000001 0.15290625 0.04051562499999992 0.04085937500000001
0 0.5222578125 0.1536171875 0.038437500000000034 0.037664062499999984
0 0.477328125 0.152765625 0.03764843750000004 0.040570312500000004
0 0.43296875 0.15325781249999998 0.03857031249999991 0.03695312500000001
0 0.38721875 0.1532265625 0.03728125000000002 0.04078906249999999
0 0.3861484375 0.19895312499999998 0.03908593749999998 0.037296874999999986
0 0.4326796875 0.19734374999999998 0.03793749999999996 0.03944531249999998
0 0.47921874999999997 0.195953125 0.04250000000000007 0.042726562499999975
0 0.5235078125 0.19584375 0.036148437499999984 0.041015625
0 0.5683671875 0.1958828125 0.03949218749999996 0.04114843750000001
0 0.5672578125000001 0.24192968750000002 0.04051562499999992 0.03759375
0 0.52296875 0.24163281250000002 0.03986718749999998 0.03721874999999999
0 0.4772578125 0.24192968750000002 0.03921875000000004 0.04044531249999998
0 0.4320390625 0.24299218749999998 0.04185937499999994 0.038789062499999985
0 0.387578125 0.24407031250000003 0.038000000000000034 0.041875000000000016
0 0.38767968750000004 0.28846875 0.0371640625 0.03646093749999997
0 0.43653906249999996 0.2865703125 0.03708593750000002 0.04085156249999997
0 0.480859375 0.2851484375 0.03579687499999995 0.039101562499999964
0 0.5233984375 0.285828125 0.038070312500000016 0.03878124999999999
0 0.5677187499999999 0.2873984375 0.039640625000000006 0.04146093750000004
0 0.921734375 0.10594531250000001 0.037398437499999916 0.0410703125
0 0.9685312500000001 0.10679687499999999 0.035171874999999984 0.042890624999999995
0 0.9658046875 0.151609375 0.040078125000000145 0.0416484375
0 0.9205 0.1514140625 0.039312500000000125 0.04122656249999999
0 0.9221484375 0.19530468750000002 0.0401250000000001 0.04210156249999999
0 0.9664999999999999 0.1957734375 0.03872656250000013 0.04261718750000001
0 0.9672656249999999 0.240234375 0.035890625000000044 0.040593750000000026
0 0.9219296874999999 0.24165625 0.037093750000000016 0.04349218749999997
0 0.9217968750000001 0.28665625 0.038796874999999884 0.03761718749999998
0 0.9676406249999999 0.2856328125 0.0359375 0.04057031249999996
0 0.9223437499999999 0.7289140625 0.03610156250000003 0.040390625000000034
0 0.97034375 0.7287578124999999 0.03762499999999989 0.04221874999999997
0 0.9711093749999999 0.7745859375 0.04110937499999991 0.039281249999999976
0 0.925390625 0.7753515625 0.04313281250000003 0.04182031249999998
0 0.9252890624999999 0.8204062499999999 0.03996093750000007 0.039492187500000143
0 0.9697812499999999 0.8178124999999999 0.038742187500000115 0.03498437500000016
0 0.9700390625 0.8628828125 0.039046875000000016 0.04315624999999983
0 0.9257500000000001 0.8628281250000001 0.03734375000000014 0.04127343749999994
0 0.92665625 0.9079921875 0.03965625000000017 0.03991406250000011
0 0.9717109374999999 0.9086015625 0.03732031249999999 0.0401484374999999
0 0.38957031249999996 0.7308828125 0.034765625 0.03949218749999996
0 0.4354296875 0.733203125 0.03636718749999997 0.039921874999999926
0 0.48019531249999997 0.7314921875 0.04017187500000006 0.03960156250000004
0 0.5250625 0.72928125 0.03757031249999994 0.040031250000000004
0 0.570234375 0.73046875 0.04055468750000006 0.04032031249999992
0 0.569015625 0.77684375 0.03707812500000003 0.04182031249999998
0 0.526109375 0.7765625 0.041054687499999964 0.03946874999999998
0 0.48127343749999996 0.775875 0.038460937500000014 0.037124999999999984
0 0.4805 0.8203906249999999 0.04049218749999994 0.041000000000000016
0 0.4795859375 0.8660937499999999 0.04006249999999998 0.043390624999999974
0 0.48107812499999997 0.91096875 0.03546093750000008 0.036374999999999956
0 0.4346875 0.9105546875 0.045296875000000014 0.035789062499999955
0 0.436015625 0.865234375 0.03918750000000006 0.038507812499999974
0 0.4376171875 0.8206093750000001 0.04054687500000007 0.03597656250000014
0 0.43393750000000003 0.778828125 0.04111718750000008 0.040460937499999974
0 0.38871875 0.77584375 0.04048437500000004 0.03983593750000001
0 0.38959375000000007 0.8223203124999999 0.03869531250000002 0.0393437500000001
0 0.3920078125 0.8650703125 0.039984375 0.03835937499999993
0 0.390921875 0.9109453125 0.03692187499999999 0.039085937500000154
0 0.5253671875 0.9093359375000001 0.04094531250000007 0.04043750000000017
0 0.5260546875000001 0.8650390625 0.03872656249999995 0.04078124999999986
0 0.5248437499999999 0.8202734375 0.040281249999999956 0.03885156250000001
0 0.5703750000000001 0.8192031249999999 0.04027343749999997 0.040281249999999956
0 0.570734375 0.8633046875 0.043601562499999955 0.036148437499999984
0 0.5694296875 0.9091171875 0.04082812499999999 0.04140625