0 0.19398437500000001 0.034664062499999995 0.040875000000000015 0.04046875
0 0.23776562499999998 0.0339765625 0.038484374999999994 0.038726562500000006
0 0.282734375 0.0336171875 0.03761718749999998 0.036015624999999996
0 0.326625 0.0336171875 0.04117968750000003 0.03887499999999999
0 0.36971875 0.0331640625 0.04157812500000002 0.040171874999999996
0 0.3723984375 0.077171875 0.04122656249999999 0.04137500000000001
0 0.327078125 0.07828125 0.039078124999999984 0.041304687500000006
0 0.28275 0.0768515625 0.040640624999999986 0.041304687500000006
0 0.23807031250000002 0.07814062499999999 0.03844531250000003 0.04121874999999999
0 0.19432031249999998 0.07796093750000001 0.040874999999999995 0.041570312500000005
0 0.1936015625 0.12325 0.04049218750000001 0.042726562499999995
0 0.2389296875 0.12225 0.03978124999999997 0.04186718749999998
0 0.2838203125 0.122359375 0.03992968750000001 0.04093749999999998
0 0.327828125 0.12139843749999998 0.04114843749999997 0.040726562499999994
0 0.3725078125 0.12153906249999999 0.04029687500000003 0.040437499999999994
0 0.7274296875 0.0320234375 0.044296875000000034 0.043125000000000004
0 0.7734140625 0.03025 0.040281249999999956 0.04070312499999999
0 0.8171953125 0.031765625 0.04242187500000005 0.039781250000000004
0 0.8612890625 0.030867187499999994 0.039039062499999846 0.03842968749999999
0 0.9058984375 0.030890624999999998 0.041968749999999846 0.039781250000000004
0 0.9056328125 0.0745 0.04319531249999997 0.03983593750000001
0 0.8602968750000001 0.0753125 0.04276562499999983 0.041023437499999996
0 0.8174140624999999 0.07520312500000001 0.0384765625 0.03773437499999999
0 0.7720390625 0.074609375 0.03883593750000003 0.039617187500000005
0 0.726703125 0.0751328125 0.03839843750000007 0.0389140625
0 0.7275546875 0.1201953125 0.038796875000000064 0.040984374999999997
0 0.7717968749999999 0.1200859375 0.039664062499999986 0.039453125
0 0.8170234375 0.1193359375 0.04032031250000001 0.038835937499999994
0 0.8613515625 0.11925 0.039609374999999857 0.0404140625
0 0.9060546875 0.11971093749999999 0.04096093749999987 0.04089843750000001
0 0.195828125 0.567796875 0.03903906249999998 0.03992968749999992
0 0.2385625 0.567734375 0.03854687500000002 0.03857812500000009
0 0.2847421875 0.5676171875 0.04000781250000003 0.04078906250000003
0 0.32796875000000003 0.5665703125 0.04050000000000002 0.03992968749999992
0 0.372796875 0.5666640625 0.041718749999999985 0.040726562500000084
0 0.373625 0.6106640624999999 0.039078124999999984 0.039695312499999955
0 0.33009374999999996 0.61109375 0.04166406250000003 0.03932031249999994
0 0.2843125 0.612140625 0.040382812499999955 0.03772656249999997
0 0.2408984375 0.6127890625 0.040749999999999974 0.04085937499999996
0 0.195515625 0.6128203125 0.03965624999999999 0.040304687499999936
0 0.195671875 0.657125 0.03934374999999999 0.03865625000000002
0 0.2392734375 0.656390625 0.04057031249999996 0.039640625000000006
0 0.2857265625 0.656453125 0.03952343750000002 0.04099218750000002
0 0.3296640625 0.6569140625000001 0.042031249999999964 0.04007031249999997
0 0.37371875 0.656484375 0.03987499999999997 0.040437499999999994
0 0.3751953125 0.700515625 0.04036718749999997 0.041304687499999916
0 0.3296328125 0.7011640625 0.040132812500000004 0.041984375000000004
0 0.28407031250000003 0.7002109375 0.03989062499999996 0.03946874999999998
0 0.23997656250000002 0.701625 0.03767968750000002 0.03860937500000006
0 0.19659374999999998 0.7021171875000001 0.03996093749999998 0.03958593750000006
0 0.1960390625 0.744921875 0.03762499999999998 0.040460937499999974
0 0.24120312500000002 0.7454140625 0.040140625 0.041437499999999974
0 0.2867109375 0.7458125 0.03903125000000003 0.04162499999999998
0 0.33116406249999997 0.7462109375 0.03951562500000003 0.04181249999999999
0 0.374765625 0.7456015625 0.04073437499999999 0.04303906249999993
0 0.7323046875 0.565078125 0.04315625000000001 0.03988281249999996
0 0.7751171875 0.564734375 0.03855468749999993 0.03918750000000006
0 0.8207421874999999 0.5646171875 0.04367187500000007 0.03895312499999992
0 0.8643671875000001 0.5639140625 0.0383671875000001 0.03988281249999996
0 0.9093828125 0.5642031249999999 0.0405156250000001 0.03929687499999997
0 0.7305312500000001 0.610046875 0.04018750000000004 0.04309375000000006
0 0.7754609375 0.6095234375 0.04157812500000002 0.04088281249999994
0 0.8190859375 0.609234375 0.04093750000000007 0.03913281249999993
0 0.8630000000000001 0.6092890625 0.04203906249999996 0.040414062500000014
0 0.9106093749999999 0.6096953125 0.03967968749999997 0.04142968749999998
0 0.9089453125 0.6531796875 0.042414062499999974 0.039437500000000014
0 0.86471875 0.654109375 0.04008593749999996 0.042234374999999956
0 0.8197890624999999 0.6533828125000001 0.04147656250000002 0.04310937500000005
0 0.776453125 0.653703125 0.03908593749999998 0.04188281249999992
0 0.7312031250000001 0.6541640625 0.041695312499999915 0.03862500000000004
0 0.73271875 0.699515625 0.04332812500000003 0.04222656249999997
0 0.7761328125 0.70096875 0.04263281249999995 0.04047656249999996
0 0.8200156249999999 0.6987578125 0.04100781249999992 0.03791406249999998
0 0.8646015625000001 0.6993046875 0.03799218750000009 0.03855468749999993
0 0.90953125 0.6975625 0.043578125000000155 0.039718749999999935
0 0.9117109375 0.7430546875 0.043289062499999885 0.041281249999999936
0 0.8663437500000001 0.7449140625 0.04381249999999994 0.042210937499999976
0 0.8201640625 0.7438359375 0.0389765624999999 0.039124999999999945
0 0.7761953125 0.743140625 0.039023437500000036 0.04052343749999991
0 0.73146875 0.743109375 0.03942968750000002 0.040000000000000036