0 0.397078125 0.6186875 0.15948437499999996 0.16418750000000007
0 0.39056250000000003 0.4396328125 0.15976562500000005 0.14989843749999995
0 0.392390625 0.2651328125 0.15844531249999996 0.15514062500000003
0 0.386265625 0.08152343749999999 0.16003125 0.16299999999999998
0 0.21115625 0.0828125 0.15633593750000002 0.165625
0 0.057421875 0.08531249999999999 0.11484375 0.154484375
0 0.0556875 0.2659375 0.11085156249999999 0.16416406249999999
0 0.2112734375 0.2663046875 0.16421874999999997 0.1658203125
0 0.219875 0.4458984375 0.1571171875 0.15430468749999998
0 0.05546875 0.4458828125 0.1109375 0.16864843749999997
0 0.059375 0.6269140625 0.11875 0.16735937500000003
0 0.2175234375 0.61675 0.15588281249999997 0.1522578124999999