0 0.105673 0.082054 0.155561 0.114522
0 0.300482 0.085006 0.171260 0.127509
0 0.697235 0.077332 0.154134 0.123967
0 0.102819 0.271547 0.144144 0.132231
0 0.301909 0.270956 0.145571 0.126328
0 0.702230 0.276269 0.144144 0.118064
0 0.706511 0.461629 0.144144 0.122786
0 0.695808 0.649351 0.142717 0.113341
0 0.899179 0.656434 0.161270 0.122786
0 0.899179 0.840024 0.149853 0.119244
0 0.690099 0.848878 0.119882 0.103896
0 0.302622 0.845336 0.146998 0.125148
0 0.100678 0.845336 0.148426 0.118064
0 0.301195 0.654664 0.149853 0.121606
0 0.302622 0.465171 0.149853 0.122786
0 0.102819 0.466352 0.152707 0.127509
0 0.102105 0.653483 0.142717 0.116883