0 0.0203125 0.22698437500000002 0.040625 0.0517578125
0 0.061679687500000004 0.22867968749999998 0.038617187500000004 0.04055468749999998
0 0.10907031250000002 0.228421875 0.048 0.0462890625
0 0.15178125 0.22659375 0.04592187500000002 0.0447265625
0 0.1986484375 0.226859375 0.04384374999999998 0.04315625000000001
0 0.0207578125 0.271765625 0.041515625 0.03649218750000003
0 0.063703125 0.271765625 0.0370390625 0.041000000000000016
0 0.10714062499999999 0.271125 0.03815625000000002 0.04063281249999999
0 0.1526015625 0.2699921875 0.03882812499999999 0.04060937500000002
0 0.1966328125 0.270109375 0.03832031249999999 0.03860156249999998
0 0.1964609375 0.3152109375 0.039867187500000026 0.03911718750000004
0 0.1516171875 0.3159140625 0.04042187500000001 0.03901562500000004
0 0.10750781250000001 0.31758593749999997 0.03839062499999999 0.03708593750000002
0 0.06396093750000001 0.3169296875 0.0419921875 0.0415
0 0.0192265625 0.315609375 0.037812500000000006 0.03878124999999999
0 0.02040625 0.36065625 0.0378828125 0.040312500000000015
0 0.0640703125 0.3593515625 0.037203125000000004 0.03788281250000001
0 0.10894531249999999 0.360125 0.039515624999999985 0.04093749999999998
0 0.152859375 0.3587890625 0.038773437499999994 0.03900781249999996
0 0.1975078125 0.3597265625 0.038375000000000006 0.03901562499999996
0 0.19889062500000004 0.4037578125 0.03839843750000001 0.040773437500000044
0 0.15333593750000002 0.4027421875 0.03980468749999999 0.03798437499999996
0 0.10897656250000001 0.404890625 0.0377109375 0.040773437500000044
0 0.0636484375 0.403921875 0.038664062500000006 0.03674218749999998
0 0.019773437499999998 0.404609375 0.039546874999999995 0.04133593750000002
0 0.5522578125 0.22438281249999997 0.03484374999999993 0.04305468750000001
0 0.5960078125 0.223 0.03489843750000006 0.040390625000000034
0 0.6409921875 0.22296875 0.04194531250000004 0.041359375000000045
0 0.686734375 0.22096875 0.03978906250000005 0.0399375
0 0.73203125 0.22249218750000002 0.039000000000000055 0.04096874999999996
0 0.7310234375 0.267765625 0.042007812499999984 0.038437500000000034
0 0.6854453125 0.2688359375 0.03839062500000008 0.035015625000000036
0 0.6428515625 0.2675703125 0.038945312499999926 0.03973437500000001
0 0.5971640625 0.26821875 0.03781250000000007 0.03739062500000001
0 0.5538984375 0.2694921875 0.03972656249999993 0.039054687500000004
0 0.55321875 0.3145390625 0.04014843750000008 0.040593750000000026
0 0.59490625 0.312640625 0.04115625000000005 0.04048437500000004
0 0.644828125 0.31196875 0.04510156250000001 0.04166406250000003
0 0.68809375 0.3105859375 0.035734375000000006 0.03726562500000004
0 0.7311015624999999 0.31203125 0.03770312499999999 0.04064843749999998
0 0.7316953125000001 0.3567109375 0.03839062500000008 0.03524218750000001
0 0.6874453125 0.357046875 0.03833593749999995 0.03629687500000003
0 0.642484375 0.3581484375 0.03685937500000005 0.03867968749999999
0 0.5969921874999999 0.35769531250000003 0.04153906250000006 0.03669531250000002
0 0.552234375 0.3586875 0.03685156250000006 0.03580468750000003
0 0.553359375 0.40280468750000004 0.03986718749999998 0.045062500000000005
0 0.598484375 0.4007109375 0.03985937499999999 0.04147656249999998
0 0.64265625 0.4026328125 0.04357812499999998 0.043601562499999955
0 0.6877500000000001 0.4001796875 0.03731249999999999 0.04085937499999996
0 0.7333046875 0.40249218750000004 0.04096875000000004 0.039820312500000024
0 0.5557421875 0.84825 0.04314062500000002 0.040671874999999955
0 0.6017578125 0.8493359375 0.03696874999999995 0.04052343749999991
0 0.6452578124999999 0.8470234375000001 0.03947656249999998 0.0399296875000001
0 0.6902421875 0.8461640625 0.03125 0.03829687499999999
0 0.7366015625 0.846140625 0.03946874999999998 0.03987499999999997
0 0.734546875 0.8920468749999999 0.03771874999999998 0.042624999999999955
0 0.68821875 0.8923046875 0.03731249999999999 0.03965625000000017
0 0.6466015625 0.8920234375 0.04176562500000003 0.03857031249999991
0 0.6014999999999999 0.8927578125 0.036046875000000075 0.036460937500000054
0 0.5557734375 0.8935625 0.04186718749999994 0.03594531250000017
0 0.5567656249999999 0.9382421875 0.03834374999999994 0.03795312499999994
0 0.6017578125 0.9372109375000001 0.03468750000000007 0.04175781249999986
0 0.6470546875000001 0.935734375 0.036789062499999935 0.03749218749999983
0 0.690703125 0.9351875 0.036734374999999986 0.03953124999999993
0 0.7361718749999999 0.934359375 0.04032031249999992 0.037039062499999886
0 0.7341796875 0.9794375000000001 0.03332812500000006 0.04098437500000003
0 0.69140625 0.98046875 0.040625 0.0390625
0 0.6473984374999999 0.98146875 0.04244531249999994 0.03705468749999987
0 0.6012734375 0.98146875 0.03878906250000007 0.03705468749999987
0 0.5565390625 0.98246875 0.03746875000000003 0.03505468749999992
0 0.02175 0.8493984375 0.0435 0.0387812499999999
0 0.0652734375 0.8495859375 0.038351562500000005 0.04137500000000003
0 0.11003125 0.8497656250000001 0.04027343750000001 0.0391718749999999
0 0.15609375 0.8488046875 0.0396015625 0.03759374999999991
0 0.20040624999999998 0.8476874999999999 0.04063281249999999 0.0373906250000001
0 0.20078125 0.8931250000000001 0.04027343749999999 0.038640625000000026
0 0.155796875 0.8936796875 0.035218749999999986 0.03671875
0 0.111109375 0.894578125 0.041453125 0.039312500000000125
0 0.0655 0.891640625 0.03692187499999999 0.03560156250000013
0 0.01903125 0.8939843749999999 0.0378046875 0.04109374999999993
0 0.021851562499999998 0.9384921875 0.03909375 0.038796874999999884
0 0.0671328125 0.938078125 0.037609374999999994 0.039968749999999886
0 0.113078125 0.9391171875 0.03596875000000001 0.036351562500000156
0 0.15409375 0.937484375 0.035296875000000005 0.0387812499999999
0 0.20178124999999997 0.9391562499999999 0.04264062500000001 0.03864843749999984
0 0.2 0.98125 0.040625 0.0375
0 0.1546875 0.98265625 0.03893750000000003 0.03468750000000007
0 0.111890625 0.9825546875000001 0.04063281249999999 0.03488281250000007
0 0.0666484375 0.9829296875000001 0.03981250000000001 0.034140624999999855
0 0.02175 0.983296875 0.0435 0.0333984375