0 0.024765625 0.346796875 0.0434140625 0.03824218750000004
0 0.0242734375 0.39352343749999996 0.039640625 0.042703124999999974
0 0.022359374999999997 0.43778125 0.0395859375 0.03232812500000008
0 0.02309375 0.4801171875 0.0360546875 0.0416015625
0 0.0238359375 0.5264140625 0.036617187499999995 0.03901562500000004
0 0.0694453125 0.52696875 0.042234375000000005 0.04021875000000001
0 0.069265625 0.479 0.04342187499999999 0.03726562500000004
0 0.06759375 0.4350546875 0.0409921875 0.037398437499999916
0 0.06753125 0.3895 0.036992187499999996 0.03332812499999997
0 0.068703125 0.3473515625 0.03580468749999999 0.03605468749999998
0 0.1148671875 0.34728906249999997 0.04037500000000001 0.03922656250000003
0 0.1144375 0.3924140625 0.04082812499999999 0.03799999999999999
0 0.1119609375 0.43728125 0.03827343750000001 0.03628125000000004
0 0.11258593750000001 0.4801796875 0.037125 0.035546875
0 0.11585937500000001 0.5276484375 0.037406249999999995 0.04149218749999992
0 0.46965625 0.3443828125 0.03674218749999998 0.04207031250000002
0 0.515015625 0.34542968749999997 0.03599999999999994 0.04112499999999999
0 0.5567890625 0.34376562499999996 0.036484375000000034 0.038359375000000015
0 0.6017812499999999 0.3457421875 0.036484375000000034 0.037375000000000026
0 0.64565625 0.3453125 0.037710937499999986 0.04021875000000001
0 0.6478828125 0.389875 0.03693749999999998 0.03911718750000004
0 0.6015312500000001 0.38932031250000004 0.04311718750000004 0.039875000000000015
0 0.5582109375 0.38957031249999996 0.034578124999999994 0.03973437499999997
0 0.512546875 0.3892578125 0.03815624999999993 0.038765624999999956
0 0.4692890625 0.3904296875 0.03567968750000006 0.03899218750000002
0 0.46842187500000004 0.43517968749999997 0.03921875000000004 0.03949218749999996
0 0.51334375 0.4353671875 0.03636718749999997 0.041101562499999925
0 0.558875 0.43336718750000003 0.03792187499999997 0.037374999999999936
0 0.60465625 0.43288281250000005 0.03978125000000006 0.03749218750000001
0 0.647859375 0.43187499999999995 0.0359375 0.039460937499999994
0 0.6465390625 0.47742968750000003 0.03721875000000008 0.038171874999999925
0 0.6022890624999999 0.478640625 0.03715624999999996 0.04188281249999992
0 0.55925 0.47847656250000004 0.04087499999999995 0.04014843750000008
0 0.5134140625 0.479515625 0.039460937499999994 0.03957031250000007
0 0.4693359375 0.47982812499999994 0.03793749999999996 0.03834374999999994
0 0.46822656250000005 0.5227890625 0.03827343750000001 0.03908593749999998
0 0.5135 0.5224453125 0.03572656250000002 0.04283593749999994
0 0.5586796875 0.5212109375 0.03696874999999995 0.04269531250000007
0 0.60234375 0.521859375 0.03853906249999994 0.036687500000000026
0 0.6483984375 0.522734375 0.0384765625 0.037843750000000044
0 0.47166406250000004 0.96796875 0.04271875000000005 0.041343750000000054
0 0.5179453125 0.9680390624999999 0.03803906250000004 0.04314843750000001
0 0.5608828124999999 0.96778125 0.0400390625 0.0417109374999999
0 0.6054999999999999 0.9663281250000001 0.03869531249999998 0.042109375000000074
0 0.6490703124999999 0.967375 0.03824218750000004 0.0401484374999999
0 0.025656250000000002 0.9689375 0.039171875 0.040062500000000154
0 0.071390625 0.9704062499999999 0.039179687500000004 0.04145312499999996
0 0.11659375000000001 0.9714765625 0.034624999999999996 0.039773437499999884