0 0.02421875 0.41803125 0.0484375 0.05167968750000003
0 0.0698828125 0.415421875 0.050859375 0.04728906249999998
0 0.0694921875 0.466203125 0.043828124999999996 0.04467187500000005
0 0.0679296875 0.510875 0.046953125 0.046484375
0 0.024179687499999998 0.4628203125 0.0426328125 0.04623437500000005
0 0.021968750000000002 0.5061796875 0.0408046875 0.04544531250000006
0 0.022265625 0.5516328125000001 0.04453125 0.04048437499999995
0 0.069625 0.5531953125 0.046171874999999994 0.04778125000000007
0 0.0691015625 0.5968203125 0.04721093750000001 0.041257812499999956
0 0.0230078125 0.597078125 0.042890625 0.04594531249999996
0 0.4220703125 0.41646875000000005 0.04674999999999998 0.04855468750000003
0 0.4668671875 0.4126796875 0.04283593749999994 0.050156250000000034
0 0.51009375 0.41815625 0.048046875 0.044421874999999965
0 0.5561796875 0.41567968750000006 0.04440624999999994 0.04155468750000004
0 0.6022734375 0.41476562499999997 0.04076562500000005 0.045984374999999966
0 0.6038359375 0.461 0.04805468749999999 0.04467187500000005
0 0.5569609375 0.4608671875 0.04569531250000001 0.04232812500000005
0 0.515296875 0.4589140625 0.03528125000000006 0.03842187500000005
0 0.4712890625 0.46164843749999995 0.046226562500000054 0.04597656249999993
0 0.42298437499999997 0.46438281249999996 0.044929687499999996 0.04310937500000005
0 0.42311718750000005 0.5037109375 0.044914062500000004 0.042578125
0 0.4735078125 0.5059218750000001 0.04569531250000001 0.04075781250000006
0 0.512953125 0.50475 0.047523437499999946 0.04049999999999994
0 0.5600859375 0.50553125 0.05221874999999994 0.044140625
0 0.6033125 0.5033203125 0.04284374999999994 0.04596874999999993
0 0.6015859375 0.548828125 0.03857812500000009 0.039414062500000034
0 0.5564375 0.5492890625 0.04464843750000007 0.03996875000000007
0 0.5138671875 0.549546875 0.04022656250000001 0.044656250000000064
0 0.4693359375 0.5505859375 0.039710937499999946 0.042570312500000006
0 0.423171875 0.552078125 0.03829687499999999 0.047632812500000024
0 0.4247421875 0.5979140625 0.04142187499999998 0.041976562500000016
0 0.4690078125 0.5927109374999999 0.03828125 0.046140624999999956
0 0.512890625 0.593734375 0.039351562499999916 0.04156250000000004
0 0.558953125 0.594953125 0.038976562500000075 0.044984374999999945
0 0.6019687499999999 0.5940390625 0.042624999999999955 0.04156250000000004
0 0.9569296875 0.414375 0.04243750000000013 0.04358593749999997
0 0.9581640625000001 0.45846093750000005 0.04194531250000004 0.039281249999999976
0 0.95846875 0.5028515625 0.03787500000000001 0.039796875000000044
0 0.9597031250000001 0.5466249999999999 0.039351562499999916 0.04302343749999995
0 0.9593984375 0.591015625 0.03898437500000007 0.041390625000000014