0 0.0665390625 0.0860703125 0.1330703125 0.1721328125
0 0.22469531250000002 0.0920703125 0.1605078125 0.17575781249999997
0 0.4058046875 0.09246093749999999 0.1706796875 0.15153124999999998
0 0.5878281249999999 0.08790624999999999 0.15560156250000007 0.1528359375
0 0.7688046875 0.09337499999999999 0.16342968749999995 0.1575234375
0 0.7731015625000001 0.26996875 0.16785937499999992 0.17483593749999998
0 0.5931640625 0.274265625 0.15794531250000005 0.1704140625
0 0.418828125 0.272171875 0.15506250000000002 0.15670312500000003
0 0.23250781250000002 0.274640625 0.1761328125 0.1595703125
0 0.065625 0.271875 0.13125 0.15625
0 0.0665390625 0.44822656250000004 0.1330703125 0.15875000000000003
0 0.22990624999999998 0.4497890625 0.1605078125 0.15562500000000004
0 0.41791406249999996 0.4535703125 0.16990625 0.15067968750000005
0 0.5978515625 0.44627343750000004 0.14857031250000005 0.15484375000000003
0 0.774015625 0.4466640625 0.16343749999999996 0.16187500000000005
0 0.7757031249999999 0.6266328125 0.16265625000000003 0.1613203125
0 0.597203125 0.629234375 0.16810156250000005 0.16652343750000007
0 0.41934375 0.62728125 0.16443750000000001 0.16261718750000007
0 0.23771874999999998 0.629890625 0.16571875 0.1574140625
0 0.0665390625 0.6293671875 0.1330703125 0.15845312499999994
0 0.069140625 0.8097265625000001 0.13828125 0.15450781249999998
0 0.2356328125 0.8085546875 0.15946875 0.16466406249999999
0 0.4154375 0.8108984375 0.15662500000000001 0.15476562499999993
0 0.59603125 0.809203125 0.16784374999999993 0.15554687499999992
0 0.7737499999999999 0.8071171874999999 0.15875000000000003 0.15971875000000005