0 0.530283 0.528926 0.095632 0.127509
0 0.413930 0.844259 0.010859 0.011806
0 0.448487 0.842719 0.009321 0.012833
0 0.483872 0.842462 0.010184 0.012320
0 0.515480 0.841435 0.010486 0.014373
0 0.515480 0.872032 0.010486 0.013968
0 0.482857 0.872180 0.008622 0.013671
0 0.447904 0.871978 0.009554 0.011806
0 0.414233 0.874031 0.009321 0.012833
0 0.413313 0.949746 0.009625 0.015400
0 0.414466 0.919973 0.010253 0.015400
0 0.448487 0.918785 0.008389 0.012428
0 0.447607 0.948976 0.009684 0.013860
0 0.484029 0.919095 0.009100 0.011806
0 0.482974 0.948976 0.009787 0.012833
0 0.515775 0.918123 0.008745 0.013752
0 0.515597 0.948456 0.008855 0.012738