1 0.4688125 0.075546875 0.04908593749999994 0.04900781249999999
1 0.11532031250000001 0.09742187500000002 0.03741406249999999 0.04067187500000001
1 0.06975 0.31840625 0.0452265625 0.042546875000000026
1 0.540296875 0.4938203125 0.054031250000000065 0.05221874999999994
1 0.6520078125000001 0.44459375 0.053492187500000024 0.052726562500000004
1 0.81384375 0.6972265625 0.05478124999999991 0.055906249999999956
1 0.9728203125 0.7054296875 0.04928906250000011 0.05617187500000007
1 0.8590234375 0.803359375 0.049828125000000154 0.04993750000000006
1 0.6280546874999999 0.84203125 0.047250000000000014 0.05593749999999993
1 0.2142734375 0.7521796875 0.045734374999999994 0.05018750000000001
1 0.93415625 0.9258906250000001 0.03705468749999987 0.046578124999999915