1 0.9530312500000001 0.0540546875 0.04096093749999987 0.0398828125
1 0.5870390624999999 0.14156249999999998 0.03761718750000007 0.03990624999999999
1 0.8112421875000001 0.23441406250000002 0.032906249999999915 0.03340624999999999
1 0.919046875 0.3595546875 0.038101562499999984 0.0415078125
1 0.78715625 0.5013671875 0.03733593749999997 0.041281249999999936
1 0.7505703125000001 0.508921875 0.03967968749999997 0.04075781250000006
1 0.4693359375 0.3887265625 0.039710937499999946 0.037351562500000046
1 0.40085156250000004 0.290671875 0.03295312500000001 0.03133593750000001
1 0.43678906250000005 0.27946875000000004 0.03267187499999995 0.03289843750000001
1 0.1903203125 0.2433984375 0.033234375 0.038359375000000015
1 0.028609375 0.42128125 0.037054687499999996 0.038171874999999925
1 0.11141406250000001 0.5694765625 0.0348125 0.034265624999999925
1 0.3643984375 0.56465625 0.04337499999999998 0.04806249999999999
1 0.4423828125 0.748921875 0.03528906250000006 0.033781250000000006
1 0.435484375 0.8872187500000001 0.044929687499999996 0.04475000000000016