1 0.39889843750000004 0.19248437499999999 0.047273437500000036 0.048507812500000025
1 0.75278125 0.16799999999999998 0.05192187500000003 0.05162499999999999
1 0.7826015625 0.2713984375 0.04644531249999995 0.04487500000000004
1 0.763203125 0.3298671875 0.03942187500000003 0.040460937499999974
1 0.5405546875 0.4218046875 0.03892187499999995 0.04621093750000003
1 0.821140625 0.4843125 0.04019531249999986 0.046226562500000054
1 0.4904296875 0.53040625 0.04543750000000006 0.04988281249999993
1 0.6802578125000001 0.7075078125 0.04489843750000002 0.03949999999999996
1 0.7251796875000001 0.7681953125 0.038382812500000085 0.041078124999999945
1 0.2698671875 0.673265625 0.04703125000000004 0.05173437500000002
1 0.135765625 0.4883515625 0.0444375 0.046484375
1 0.125734375 0.3181484375 0.03741406249999999 0.04723437500000003