1 0.7173671875000001 0.4561796875 0.043593749999999966 0.042054687499999945
1 0.6496640625000001 0.4495390625 0.043601562499999955 0.03657812499999995
1 0.982421875 0.308984375 0.03515625 0.04453125
1 0.8060390625 0.210453125 0.041234375000000066 0.03757031250000002
1 0.527015625 0.35343749999999996 0.03267968749999994 0.03499999999999996
1 0.6095625 0.45006250000000003 0.03631250000000001 0.03762500000000006
1 0.648625 0.5870546875 0.03526562500000008 0.04078125000000003
1 0.330671875 0.562703125 0.03582812500000001 0.04155468750000004
1 0.46178125000000003 0.6401875 0.040234375 0.04287500000000009
1 0.671796875 0.7912421875 0.03890624999999996 0.042906250000000055
1 0.2392734375 0.629765625 0.03531250000000004 0.03661718749999991
1 0.0816015625 0.8172890625000001 0.03194531250000001 0.038742187500000025
1 0.20632812500000003 0.9264140624999999 0.03453906250000001 0.03720312499999991