1 0.081078125 0.0808828125 0.04965625 0.046664062500000006
1 0.077953125 0.3533046875 0.03299218749999999 0.03942968750000002
1 0.4658203125 0.2629296875 0.036328125 0.03680468750000001
1 0.8604609375000001 0.16696093750000002 0.0407109375000001 0.039124999999999986
1 0.670890625 0.3130703125 0.03239843750000002 0.036554687499999974
1 0.7096875 0.3000390625 0.03687500000000003 0.03325000000000004
1 0.742234375 0.41021093750000004 0.03342968749999997 0.03605468750000003
1 0.63925 0.58965625 0.033187500000000016 0.03557031249999998
1 0.7168515625 0.772625 0.03213281250000009 0.03430468750000006
1 0.7199765625000001 0.819890625 0.027968749999999966 0.03145312500000017
1 0.7102109375000001 0.9131328125 0.047499999999999966 0.04710156249999997
1 0.3843125 0.5912265624999999 0.038945312500000016 0.03869531249999998
1 0.3026796875 0.4456328125 0.03973437500000001 0.04439062499999995
1 0.0205390625 0.9094843750000001 0.0375703125 0.03980468749999986
1 0.15919531250000002 0.891515625 0.037148437500000006 0.03823437500000004
1 0.85234375 0.0109375 0.0265625 0.021875