1 0.2621875 0.2815546875 0.043648437500000005 0.043320312500000034
1 0.3442109375 0.13960937499999998 0.04207031250000002 0.041726562499999974
1 0.0994375 0.1712578125 0.04210156249999999 0.0451171875
1 0.9647500000000001 0.545515625 0.05918750000000017 0.05925781249999993
1 0.6602109375 0.6232578125 0.041257812499999956 0.045476562500000026
1 0.3518984375 0.562578125 0.06003906250000002 0.054312499999999986
1 0.37871875 0.6610234375 0.04805468749999999 0.05329687500000002
1 0.3624375 0.72509375 0.05769531250000002 0.05643750000000001
1 0.139796875 0.808953125 0.046781249999999996 0.05332812500000008
1 0.09084375 0.9223750000000001 0.04053906249999999 0.04735937499999991
1 0.10021875 0.8610468750000001 0.048875 0.04708593749999999
1 0.4215546875 0.8730234375 0.039460937499999994 0.0418828125000001
1 0.599015625 0.9734375 0.05949218750000007 0.053125