1 0.5020156250000001 0.07840625 0.034765625 0.039109375
1 0.38053906249999997 0.18649218750000002 0.03399999999999999 0.03132031249999998
1 0.8824609375 0.2594140625 0.03628125000000004 0.035499999999999955
1 0.49720312499999997 0.34666406250000004 0.038148437499999945 0.04437499999999996
1 0.7207578125 0.43690625 0.034734375000000026 0.034757812500000006
1 0.8017421875 0.58184375 0.04566406249999995 0.040773437500000044
1 0.36075 0.68146875 0.046499999999999986 0.04991406250000008
1 0.40866406250000004 0.6934453125 0.038921874999999995 0.040718749999999915
1 0.4408203125 0.9050546875000001 0.032164062500000055 0.036156250000000154
1 0.578703125 0.8781015625 0.03761718750000007 0.0379765625000001
1 0.11375781250000001 0.9326640625 0.03428906249999999 0.03928906249999997
1 0.17846875 0.9540234375000001 0.03610156249999998 0.040335937500000085