1 0.274421875 0.06434375 0.05457812500000001 0.05264843750000001
1 0.9612343750000001 0.25277343750000003 0.05163281250000011 0.055031249999999955
1 0.4567109375 0.4241484375 0.037890625 0.035273437500000074
1 0.4888671875 0.3781796875 0.033984375 0.039687499999999966
1 0.3371796875 0.4771484375 0.04780468749999996 0.054296875
1 0.02265625 0.736328125 0.0453125 0.05859375
1 0.6206328125 0.6804296875 0.05584375000000001 0.058249999999999955
1 0.77778125 0.683421875 0.04983593749999997 0.056421875000000024
1 0.8241328125 0.7549140624999999 0.048789062499999945 0.06139062499999994
1 0.6629453125 0.7844687499999999 0.04411718750000002 0.03978124999999997
1 0.4349609375 0.8265390625 0.043882812500000055 0.051507812499999875
1 0.743015625 0.9029765624999999 0.06103906250000009 0.05282812499999991
1 0.9308984375 0.8907343750000001 0.043570312499999986 0.0543828125000001
1 0.302421875 0.9240703124999999 0.04442187500000001 0.048140624999999916