1 0.2584140625 0.091953125 0.034531250000000034 0.03494531249999999
1 0.13928125 0.20485156249999997 0.033242187500000006 0.034187499999999996
1 0.25489843749999996 0.362421875 0.04572656249999998 0.042031249999999964
1 0.47884374999999996 0.450453125 0.03528906250000006 0.041007812500000004
1 0.64003125 0.27153125 0.039953125000000075 0.04253124999999995
1 0.8471796875000001 0.32075 0.04019531249999986 0.04202343749999997
1 0.887546875 0.309546875 0.0405390624999999 0.03767187500000002
1 0.917359375 0.4218046875 0.03732031249999999 0.04621093750000003
1 0.8137187499999999 0.5965625 0.048789062499999945 0.05718750000000004
1 0.559828125 0.5998203125 0.03579687499999995 0.040257812499999976
1 0.1183125 0.697875 0.03558593750000001 0.03585156250000008
1 0.17000781250000002 0.7063359375 0.04071093750000001 0.04357812499999998
1 0.195390625 0.918859375 0.033500000000000016 0.03772656249999997
1 0.3390078125 0.895421875 0.03165624999999998 0.0325078125000001
1 0.8940546875000001 0.7818671875 0.0360234375000001 0.03665625000000006
1 0.8840234375 0.92225 0.045656250000000044 0.04761718749999986