1 0.43184374999999997 0.0190234375 0.04569531250000001 0.038
1 0.9241250000000001 0.37374999999999997 0.04044531249999998 0.04646093750000002
1 0.6585234375 0.5201171875 0.042851562499999926 0.046226562500000054
1 0.5928984374999999 0.5186875 0.049093749999999936 0.05248437500000005
1 0.5501875 0.5175156249999999 0.042570312500000006 0.04232812500000005
1 0.2718203125 0.6287265625 0.04312500000000004 0.04078906250000003
1 0.5899062500000001 0.65034375 0.03605468750000007 0.037148437499999964
1 0.40371875 0.7089453125 0.039437500000000014 0.034554687500000014
1 0.186671875 0.694484375 0.034468750000000006 0.03863281250000004
1 0.61425 0.8568749999999999 0.035273437500000074 0.03874999999999993
1 0.025742187500000003 0.8847421875 0.0375703125 0.03572656250000002