1 0.9043359375 0.21110156249999998 0.05294531249999999 0.05710937500000002
1 0.4513671875 0.15028906250000001 0.05065624999999994 0.0474609375
1 0.8327265625000001 0.34757812499999996 0.050351562499999857 0.059218749999999966
1 0.80278125 0.4561796875 0.04774999999999992 0.042054687499999945
1 0.14161718750000002 0.5558046875 0.05355468750000001 0.05118749999999998
1 0.200734375 0.526890625 0.041570312500000005 0.04024218749999999
1 0.07742968749999998 0.6309375 0.05278124999999999 0.053031249999999905
1 0.3425234375 0.6731328125 0.05171093749999996 0.05407812500000002
1 0.538734375 0.7326406249999999 0.05090625000000006 0.045500000000000006
1 0.7997890625 0.8016640625000001 0.04957031249999995 0.05332812500000008
1 0.563734375 0.1784140625 0.044929687499999996 0.042132812500000005
1 0.4775390625 0.10497656250000001 0.037890625 0.04015624999999999