1 0.31375000000000003 0.19639062499999999 0.042593749999999986 0.040695312500000025
1 0.527796875 0.229203125 0.049867187499999945 0.05424218750000005
1 0.692109375 0.264234375 0.05036718750000002 0.05920312499999998
1 0.8272578125000001 0.369328125 0.055039062499999944 0.05323437499999999
1 0.8762109375 0.15315625 0.0383671875000001 0.04797656250000002
1 0.02421875 0.4189375 0.0484375 0.05610937499999995
1 0.1982578125 0.5107421875 0.04442968749999998 0.04961718749999999
1 0.6124296874999999 0.5679140625 0.03683593750000007 0.04155468750000004
1 0.6085234374999999 0.613234375 0.04464843750000007 0.04885937499999997
1 0.23888281249999999 0.720796875 0.0506796875 0.05669531249999995
1 0.10178125 0.8538828125 0.052000000000000005 0.05099218749999999
1 0.9745703125 0.807390625 0.050851562500000114 0.05645312500000008