1 0.0539921875 0.038820312499999995 0.05799218749999999 0.0536875
1 0.3060625 0.18910156250000001 0.05171093750000004 0.05735937499999999
1 0.6376875 0.3247890625 0.05089062500000008 0.042289062499999995
1 0.56346875 0.38247656249999995 0.043085937500000074 0.045679687499999976
1 0.3616640625 0.39940625 0.050921874999999964 0.05350000000000001
1 0.12260937499999999 0.6817265625 0.04782812500000001 0.05564062500000002
1 0.850171875 0.6813359375 0.04878125000000004 0.06267187500000002
1 0.987109375 0.9021953125 0.02578125 0.04605468749999986
1 0.58846875 0.9721328124999999 0.05142187499999995 0.055726562499999945
1 0.3241640625 0.8971171874999999 0.048843749999999984 0.05412500000000016
1 0.4363984375 0.9637890625000001 0.04935156250000006 0.052054687500000085