1 0.4177734375 0.03621875 0.051179687499999994 0.048476562499999994
1 0.8746484375 0.027875 0.0352421875000001 0.041117187500000006
1 0.52115625 0.22985937500000003 0.05481250000000006 0.05710937500000002
1 0.6449765625 0.2101953125 0.03839062500000008 0.042257812500000026
1 0.5737578125 0.3707578125 0.04542968750000007 0.04828906250000005
1 0.6779140625 0.38091406249999993 0.04542187500000008 0.04255468749999998
1 0.7415859375 0.47154687500000003 0.04514843749999997 0.04674218749999994
1 0.3891328125 0.4966796875 0.05014062499999996 0.04857031250000006
1 0.205421875 0.5956484375 0.03635937499999999 0.02775781249999998
1 0.204640625 0.61453125 0.04124218749999999 0.03917187500000008
1 0.0411171875 0.573640625 0.04625 0.04908593749999994
1 0.3429140625 0.7165 0.044679687499999954 0.04445312500000007
1 0.8122812500000001 0.8881328125 0.05373437500000007 0.059593750000000154
1 0.12183593749999999 0.9126093750000001 0.038101562499999984 0.03728906250000001
1 0.2470859375 0.6887578125 0.0405234375 0.04366406250000008
1 0.11792968749999999 0.9547968750000001 0.04071093750000001 0.04039843750000003
1 0.921875 0.843328125 0.04253125000000004 0.03828125
1 0.9579765625000001 0.7812187500000001 0.03939843749999987 0.04420312499999994
1 0.1477421875 0.98515625 0.03576562499999998 0.0296875