1 0.290828125 0.217484375 0.044679687500000044 0.04642968749999998
1 0.7451015625 0.4712890625 0.044367187499999974 0.051429687499999946
1 0.87634375 0.5507265625 0.04643750000000004 0.048843749999999984
1 0.6564375 0.5360078125000001 0.03630468750000002 0.042851562499999926
1 0.3315859375 0.545125 0.04024999999999999 0.04546093750000004
1 0.6221953124999999 0.8309609375000001 0.04854687500000008 0.04682031249999987
1 0.3968125 0.9137812500000001 0.03269531250000002 0.035375000000000156
1 0.32090625 0.7506171875 0.038687499999999986 0.04497656249999995
1 0.203203125 0.813125 0.03870312499999999 0.044992187500000023
1 0.20437500000000003 0.8865703125 0.03844531250000001 0.04604687500000004
1 0.40280468750000004 0.3085078125 0.039460937499999994 0.039414062500000034