1 0.02265625 0.191796875 0.0453125 0.04609375
1 0.14657031250000002 0.1636953125 0.04592187499999998 0.048125000000000015
1 0.06636718750000001 0.3289609375 0.04575 0.05270312500000003
1 0.08941406250000002 0.366328125 0.03784375000000001 0.03870312499999997
1 0.1763828125 0.339109375 0.04235156249999998 0.0469765625
1 0.2390078125 0.42909375 0.05041406249999998 0.050382812500000006
1 0.9070703124999999 0.3083828125 0.055804687499999873 0.056343750000000005
1 0.9732109375 0.3909453125 0.042257812500000116 0.04959374999999997
1 0.9297265625 0.623515625 0.05007812499999993 0.05953906250000003
1 0.41946874999999995 0.7961953125000001 0.041539062500000015 0.04342187500000003
1 0.3090625 0.8450234375000001 0.04989062500000001 0.05411718749999998
1 0.4395234375 0.173984375 0.04855468750000007 0.04577343750000003