1 0.117921875 0.085828125 0.05303906249999999 0.05135156249999999
1 0.39290625 0.0929921875 0.050921874999999964 0.0474453125
1 0.3374453125 0.30121875 0.038945312500000016 0.039414062500000034
1 0.6410703125 0.328953125 0.04203906249999996 0.04020312500000003
1 0.9539453124999999 0.1937890625 0.04539062499999993 0.045906249999999996
1 0.1599765625 0.33090625 0.03558593750000001 0.03629687500000003
1 0.1043828125 0.6571171875 0.04678906249999999 0.050687499999999906
1 0.44759374999999996 0.732125 0.045703125 0.05487500000000001
1 0.22312500000000002 0.9331875000000001 0.04468750000000003 0.05075000000000003
1 0.3077578125 0.8904765625 0.04207812500000001 0.03823437500000004
1 0.5850859374999999 0.9271953125 0.039437500000000014 0.04397656249999997
1 0.6996640625 0.9300625 0.049843749999999964 0.05491406249999997