1 0.7076015625000001 0.0442890625 0.042289062500000085 0.044765625
1 0.7066953125000001 0.1031484375 0.04828124999999996 0.05203906250000001
1 0.557484375 0.2101953125 0.03632031250000001 0.042257812500000026
1 0.31660937499999997 0.25407812500000004 0.03895312500000001 0.04409375000000004
1 0.133421875 0.3411953125 0.05329687499999998 0.055312499999999966
1 0.18640625 0.5702578125 0.06188281249999998 0.06395312499999992
1 0.110109375 0.620390625 0.04782812500000001 0.04495312499999997
1 0.2340625 0.7405859375 0.0561484375 0.05878125000000001
1 0.809546875 0.7066015625000001 0.05087499999999991 0.055906249999999956
1 0.685078125 0.8930781250000001 0.045679687500000024 0.05386718749999986
1 0.6042265625 0.7230078125 0.03865625000000002 0.04185156249999995